# 1st line: vertCount boneCount maxInfluences
# Each subsequent line corresponds to a vertex.
# In each line, the first number is the number of bone influences for the vertex.
# The next numbers are "influence" pairs of {bone index, bone weight}.
24 72 4
4 63 0.225464 64 0.274537 68 0.225463 69 0.274536 
4 63 0.225464 64 0.274537 68 0.225463 69 0.274536 
4 63 0.225464 64 0.274537 68 0.225463 69 0.274536 
4 63 0.225464 64 0.274537 68 0.225463 69 0.274536 
4 63 0.225464 64 0.274537 68 0.225463 69 0.274536 
4 63 0.225464 64 0.274537 68 0.225463 69 0.274536 
4 63 0.225464 64 0.274537 68 0.225463 69 0.274536 
4 63 0.225464 64 0.274537 68 0.225463 69 0.274536 
4 63 0.225464 64 0.274537 68 0.225463 69 0.274536 
4 63 0.225464 64 0.274537 68 0.225463 69 0.274536 
4 63 0.225464 64 0.274537 68 0.225463 69 0.274536 
4 63 0.225464 64 0.274537 68 0.225463 69 0.274536 
4 63 0.225464 64 0.274537 68 0.225463 69 0.274536 
4 63 0.225464 64 0.274537 68 0.225463 69 0.274536 
4 63 0.225464 64 0.274537 68 0.225463 69 0.274536 
4 63 0.225464 64 0.274537 68 0.225463 69 0.274536 
4 63 0.225464 64 0.274537 68 0.225463 69 0.274536 
4 63 0.225464 64 0.274537 68 0.225463 69 0.274536 
4 63 0.225464 64 0.274537 68 0.225463 69 0.274536 
4 63 0.225464 64 0.274537 68 0.225463 69 0.274536 
4 63 0.225464 64 0.274537 68 0.225463 69 0.274536 
4 63 0.225464 64 0.274537 68 0.225463 69 0.274536 
4 63 0.225464 64 0.274537 68 0.225463 69 0.274536 
4 63 0.225464 64 0.274537 68 0.225463 69 0.274536 
