# 1st line: vertCount boneCount maxInfluences
# Each subsequent line corresponds to a vertex.
# In each line, the first number is the number of bone influences for the vertex.
# The next numbers are "influence" pairs of {bone index, bone weight}.
1092 72 3
1 5 1.000000 
1 5 1.000000 
1 5 1.000000 
1 5 1.000000 
1 5 1.000000 
1 5 1.000000 
1 5 1.000000 
1 5 1.000000 
1 5 1.000000 
1 5 1.000000 
1 5 1.000000 
1 5 1.000000 
1 5 1.000000 
1 5 1.000000 
1 5 1.000000 
1 5 1.000000 
1 5 1.000000 
1 5 1.000000 
1 5 1.000000 
1 5 1.000000 
1 5 1.000000 
1 5 1.000000 
1 5 1.000000 
1 5 1.000000 
1 5 1.000000 
1 5 1.000000 
1 5 1.000000 
1 5 1.000000 
1 5 1.000000 
1 5 1.000000 
1 5 1.000000 
1 5 1.000000 
1 5 1.000000 
1 5 1.000000 
1 5 1.000000 
1 5 1.000000 
1 5 1.000000 
1 5 1.000000 
1 5 1.000000 
1 5 1.000000 
1 5 1.000000 
1 5 1.000000 
1 5 1.000000 
1 5 1.000000 
1 5 1.000000 
1 5 1.000000 
1 5 1.000000 
1 5 1.000000 
1 5 1.000000 
1 5 1.000000 
1 5 1.000000 
1 5 1.000000 
1 5 1.000000 
1 5 1.000000 
1 5 1.000000 
1 5 1.000000 
1 5 1.000000 
1 5 1.000000 
1 5 1.000000 
1 5 1.000000 
1 5 1.000000 
1 5 1.000000 
1 5 1.000000 
1 5 1.000000 
1 5 1.000000 
1 5 1.000000 
1 5 1.000000 
1 5 1.000000 
1 5 1.000000 
1 5 1.000000 
2 4 0.353428 5 0.646572 
2 4 0.171034 5 0.828966 
2 4 0.253565 5 0.746435 
2 4 0.263966 5 0.736034 
2 4 0.134243 5 0.865757 
2 4 0.373246 5 0.626754 
1 5 1.000000 
1 5 1.000000 
1 5 1.000000 
1 5 1.000000 
1 5 1.000000 
1 5 1.000000 
1 5 1.000000 
1 5 1.000000 
1 5 1.000000 
1 5 1.000000 
1 5 1.000000 
1 5 1.000000 
1 5 1.000000 
1 5 1.000000 
1 5 1.000000 
1 5 1.000000 
1 5 1.000000 
1 5 1.000000 
1 5 1.000000 
1 5 1.000000 
1 5 1.000000 
1 5 1.000000 
1 5 1.000000 
1 5 1.000000 
1 5 1.000000 
1 5 1.000000 
1 5 1.000000 
1 5 1.000000 
1 5 1.000000 
1 5 1.000000 
1 5 1.000000 
1 5 1.000000 
1 5 1.000000 
1 5 1.000000 
1 5 1.000000 
1 5 1.000000 
1 5 1.000000 
1 5 1.000000 
1 5 1.000000 
1 5 1.000000 
1 5 1.000000 
1 5 1.000000 
1 5 1.000000 
1 5 1.000000 
1 5 1.000000 
1 5 1.000000 
1 5 1.000000 
1 5 1.000000 
1 5 1.000000 
1 5 1.000000 
1 5 1.000000 
1 5 1.000000 
1 5 1.000000 
1 5 1.000000 
1 5 1.000000 
1 5 1.000000 
1 5 1.000000 
1 5 1.000000 
1 5 1.000000 
1 5 1.000000 
1 5 1.000000 
1 5 1.000000 
1 5 1.000000 
1 5 1.000000 
1 5 1.000000 
1 5 1.000000 
1 5 1.000000 
1 5 1.000000 
1 5 1.000000 
1 5 1.000000 
1 5 1.000000 
1 5 1.000000 
1 5 1.000000 
1 5 1.000000 
1 5 1.000000 
1 5 1.000000 
1 5 1.000000 
1 5 1.000000 
1 5 1.000000 
1 5 1.000000 
1 5 1.000000 
1 5 1.000000 
1 5 1.000000 
1 5 1.000000 
1 5 1.000000 
1 5 1.000000 
1 5 1.000000 
1 5 1.000000 
1 5 1.000000 
1 5 1.000000 
1 5 1.000000 
1 5 1.000000 
1 5 1.000000 
1 5 1.000000 
1 5 1.000000 
1 5 1.000000 
1 5 1.000000 
1 5 1.000000 
1 5 1.000000 
1 5 1.000000 
1 5 1.000000 
1 5 1.000000 
1 5 1.000000 
1 5 1.000000 
1 5 1.000000 
1 5 1.000000 
1 5 1.000000 
1 5 1.000000 
1 5 1.000000 
1 5 1.000000 
1 5 1.000000 
1 5 1.000000 
1 5 1.000000 
1 5 1.000000 
1 5 1.000000 
1 5 1.000000 
1 5 1.000000 
1 5 1.000000 
1 5 1.000000 
1 5 1.000000 
1 5 1.000000 
1 5 1.000000 
1 5 1.000000 
1 5 1.000000 
1 5 1.000000 
1 5 1.000000 
1 5 1.000000 
1 5 1.000000 
1 5 1.000000 
1 5 1.000000 
1 5 1.000000 
1 5 1.000000 
1 5 1.000000 
1 5 1.000000 
1 5 1.000000 
2 5 0.950000 7 0.050000 
1 5 1.000000 
1 5 1.000000 
1 5 1.000000 
1 5 1.000000 
1 5 1.000000 
1 5 1.000000 
1 5 1.000000 
1 5 1.000000 
1 5 1.000000 
1 5 1.000000 
1 5 1.000000 
1 5 1.000000 
1 5 1.000000 
1 5 1.000000 
1 5 1.000000 
1 5 1.000000 
1 5 1.000000 
1 5 1.000000 
2 5 0.950000 7 0.050000 
1 5 1.000000 
1 5 1.000000 
2 5 0.950000 7 0.050000 
2 5 0.950000 7 0.050000 
2 5 0.950000 7 0.050000 
1 5 1.000000 
1 5 1.000000 
2 5 0.950000 7 0.050000 
1 5 1.000000 
1 5 1.000000 
1 5 1.000000 
1 5 1.000000 
1 5 1.000000 
1 5 1.000000 
1 5 1.000000 
1 5 1.000000 
1 5 1.000000 
1 5 1.000000 
1 5 1.000000 
1 5 1.000000 
1 5 1.000000 
1 5 1.000000 
1 5 1.000000 
1 5 1.000000 
1 5 1.000000 
1 5 1.000000 
1 5 1.000000 
1 5 1.000000 
1 5 1.000000 
1 5 1.000000 
1 5 1.000000 
1 5 1.000000 
1 5 1.000000 
1 5 1.000000 
1 5 1.000000 
1 5 1.000000 
1 5 1.000000 
1 5 1.000000 
1 5 1.000000 
1 5 1.000000 
1 5 1.000000 
1 5 1.000000 
1 5 1.000000 
1 5 1.000000 
1 5 1.000000 
1 5 1.000000 
1 5 1.000000 
1 5 1.000000 
1 5 1.000000 
1 5 1.000000 
1 5 1.000000 
1 5 1.000000 
1 5 1.000000 
1 5 1.000000 
1 5 1.000000 
1 5 1.000000 
1 5 1.000000 
1 5 1.000000 
1 5 1.000000 
1 5 1.000000 
1 5 1.000000 
1 5 1.000000 
1 5 1.000000 
1 5 1.000000 
1 5 1.000000 
1 5 1.000000 
1 5 1.000000 
1 5 1.000000 
1 5 1.000000 
1 5 1.000000 
1 5 1.000000 
1 5 1.000000 
1 5 1.000000 
1 5 1.000000 
1 5 1.000000 
1 5 1.000000 
1 5 1.000000 
1 5 1.000000 
1 5 1.000000 
1 5 1.000000 
1 5 1.000000 
1 5 1.000000 
1 5 1.000000 
1 5 1.000000 
1 5 1.000000 
1 5 1.000000 
1 5 1.000000 
1 5 1.000000 
1 5 1.000000 
1 5 1.000000 
1 5 1.000000 
1 5 1.000000 
1 5 1.000000 
1 5 1.000000 
1 5 1.000000 
1 5 1.000000 
1 5 1.000000 
1 5 1.000000 
1 5 1.000000 
1 5 1.000000 
1 5 1.000000 
1 5 1.000000 
1 5 1.000000 
1 5 1.000000 
1 5 1.000000 
1 5 1.000000 
1 5 1.000000 
1 5 1.000000 
1 5 1.000000 
1 5 1.000000 
1 5 1.000000 
1 5 1.000000 
1 5 1.000000 
1 5 1.000000 
1 5 1.000000 
1 5 1.000000 
1 5 1.000000 
1 5 1.000000 
1 5 1.000000 
1 5 1.000000 
1 5 1.000000 
1 5 1.000000 
1 5 1.000000 
1 5 1.000000 
1 5 1.000000 
1 5 1.000000 
1 5 1.000000 
1 5 1.000000 
1 5 1.000000 
1 5 1.000000 
1 5 1.000000 
1 5 1.000000 
1 5 1.000000 
1 5 1.000000 
1 5 1.000000 
1 5 1.000000 
1 5 1.000000 
1 5 1.000000 
1 5 1.000000 
1 5 1.000000 
1 5 1.000000 
1 5 1.000000 
1 5 1.000000 
1 5 1.000000 
1 5 1.000000 
1 5 1.000000 
1 5 1.000000 
1 5 1.000000 
1 5 1.000000 
1 5 1.000000 
1 5 1.000000 
1 5 1.000000 
1 5 1.000000 
1 5 1.000000 
1 5 1.000000 
1 5 1.000000 
1 5 1.000000 
1 5 1.000000 
1 5 1.000000 
1 5 1.000000 
1 5 1.000000 
1 5 1.000000 
1 5 1.000000 
1 5 1.000000 
1 5 1.000000 
1 5 1.000000 
1 5 1.000000 
1 5 1.000000 
1 5 1.000000 
2 4 0.038800 5 0.961200 
1 5 1.000000 
2 4 0.028736 5 0.971264 
2 4 0.004250 5 0.995750 
1 5 1.000000 
1 5 1.000000 
1 5 1.000000 
1 5 1.000000 
1 5 1.000000 
1 5 1.000000 
1 5 1.000000 
1 5 1.000000 
1 5 1.000000 
1 5 1.000000 
1 5 1.000000 
1 5 1.000000 
1 5 1.000000 
1 5 1.000000 
1 5 1.000000 
1 5 1.000000 
1 5 1.000000 
1 5 1.000000 
1 5 1.000000 
1 5 1.000000 
1 5 1.000000 
1 5 1.000000 
2 5 0.950000 7 0.050000 
2 5 0.950000 7 0.050000 
2 5 0.950000 7 0.050000 
1 5 1.000000 
1 5 1.000000 
1 5 1.000000 
1 5 1.000000 
1 5 1.000000 
1 5 1.000000 
1 5 1.000000 
2 5 0.950000 7 0.050000 
2 5 0.950000 7 0.050000 
2 5 0.950000 7 0.050000 
1 5 1.000000 
1 5 1.000000 
2 5 0.950000 7 0.050000 
2 5 0.950000 7 0.050000 
2 5 0.950000 7 0.050000 
2 5 0.950000 7 0.050000 
1 5 1.000000 
2 5 0.950000 7 0.050000 
1 5 1.000000 
2 4 0.038800 5 0.961200 
1 5 1.000000 
1 5 1.000000 
1 5 1.000000 
1 5 1.000000 
2 4 0.020710 5 0.979290 
1 5 1.000000 
1 5 1.000000 
1 5 1.000000 
1 5 1.000000 
1 5 1.000000 
1 5 1.000000 
1 5 1.000000 
1 5 1.000000 
1 5 1.000000 
1 5 1.000000 
1 5 1.000000 
1 5 1.000000 
1 5 1.000000 
1 5 1.000000 
1 5 1.000000 
1 5 1.000000 
1 5 1.000000 
1 5 1.000000 
1 5 1.000000 
1 5 1.000000 
1 5 1.000000 
1 5 1.000000 
1 5 1.000000 
1 5 1.000000 
1 5 1.000000 
1 5 1.000000 
1 5 1.000000 
1 5 1.000000 
1 5 1.000000 
1 5 1.000000 
1 5 1.000000 
1 5 1.000000 
1 5 1.000000 
1 5 1.000000 
1 5 1.000000 
1 5 1.000000 
1 5 1.000000 
1 5 1.000000 
1 5 1.000000 
1 5 1.000000 
1 5 1.000000 
1 5 1.000000 
1 5 1.000000 
1 5 1.000000 
1 5 1.000000 
1 5 1.000000 
1 5 1.000000 
1 5 1.000000 
1 5 1.000000 
1 5 1.000000 
1 5 1.000000 
1 5 1.000000 
1 5 1.000000 
1 5 1.000000 
1 5 1.000000 
1 5 1.000000 
1 5 1.000000 
1 5 1.000000 
1 5 1.000000 
1 5 1.000000 
1 5 1.000000 
1 5 1.000000 
1 5 1.000000 
1 5 1.000000 
1 5 1.000000 
2 4 0.293388 5 0.706612 
3 3 0.050000 4 0.672400 5 0.277600 
3 3 0.050000 4 0.750000 5 0.200000 
3 3 0.005293 4 0.322266 5 0.672441 
3 3 0.048029 4 0.735205 5 0.216765 
3 3 0.048561 4 0.677923 5 0.273516 
2 4 0.093828 5 0.906172 
3 3 0.004736 4 0.374641 5 0.620623 
2 4 0.004538 5 0.995462 
1 5 1.000000 
1 5 1.000000 
1 5 1.000000 
1 5 1.000000 
1 5 1.000000 
1 5 1.000000 
1 5 1.000000 
1 5 1.000000 
1 5 1.000000 
1 5 1.000000 
1 5 1.000000 
1 5 1.000000 
1 5 1.000000 
1 5 1.000000 
1 5 1.000000 
1 5 1.000000 
1 5 1.000000 
1 5 1.000000 
1 5 1.000000 
1 5 1.000000 
1 5 1.000000 
1 5 1.000000 
1 5 1.000000 
1 5 1.000000 
1 5 1.000000 
1 5 1.000000 
1 5 1.000000 
1 5 1.000000 
1 5 1.000000 
1 5 1.000000 
1 5 1.000000 
1 5 1.000000 
1 5 1.000000 
1 5 1.000000 
1 5 1.000000 
1 5 1.000000 
1 5 1.000000 
1 5 1.000000 
1 5 1.000000 
1 5 1.000000 
1 5 1.000000 
1 5 1.000000 
1 5 1.000000 
1 5 1.000000 
1 5 1.000000 
1 5 1.000000 
2 4 0.077600 5 0.922400 
2 4 0.058361 5 0.941639 
1 5 1.000000 
2 4 0.093753 5 0.906247 
1 5 1.000000 
1 5 1.000000 
2 4 0.116400 5 0.883600 
2 4 0.077600 5 0.922400 
2 3 0.496897 4 0.503103 
3 3 0.209579 4 0.724239 5 0.066183 
3 3 0.216228 4 0.747088 5 0.036684 
2 3 0.500759 4 0.499241 
2 3 0.490835 4 0.509165 
2 3 0.500000 4 0.500000 
3 3 0.200000 4 0.761200 5 0.038800 
3 3 0.200000 4 0.722400 5 0.077600 
2 3 0.800000 4 0.200000 
2 3 0.800000 4 0.200000 
2 3 0.800000 4 0.200000 
2 3 0.800000 4 0.200000 
1 5 1.000000 
1 5 1.000000 
1 5 1.000000 
1 5 1.000000 
1 5 1.000000 
1 5 1.000000 
1 5 1.000000 
1 5 1.000000 
1 5 1.000000 
1 5 1.000000 
1 5 1.000000 
1 5 1.000000 
1 5 1.000000 
1 5 1.000000 
1 5 1.000000 
1 5 1.000000 
1 5 1.000000 
1 5 1.000000 
1 5 1.000000 
1 5 1.000000 
1 5 1.000000 
1 5 1.000000 
1 5 1.000000 
1 5 1.000000 
1 5 1.000000 
1 5 1.000000 
1 5 1.000000 
1 5 1.000000 
1 5 1.000000 
1 5 1.000000 
1 5 1.000000 
1 5 1.000000 
1 5 1.000000 
1 5 1.000000 
1 5 1.000000 
1 5 1.000000 
1 5 1.000000 
1 5 1.000000 
1 5 1.000000 
1 5 1.000000 
1 5 1.000000 
1 5 1.000000 
1 5 1.000000 
1 5 1.000000 
1 5 1.000000 
1 5 1.000000 
1 5 1.000000 
1 5 1.000000 
1 5 1.000000 
1 5 1.000000 
1 5 1.000000 
1 5 1.000000 
1 5 1.000000 
1 5 1.000000 
1 5 1.000000 
1 5 1.000000 
1 5 1.000000 
1 5 1.000000 
1 5 1.000000 
1 5 1.000000 
1 5 1.000000 
1 5 1.000000 
1 5 1.000000 
1 5 1.000000 
1 5 1.000000 
1 5 1.000000 
1 5 1.000000 
1 5 1.000000 
1 5 1.000000 
1 5 1.000000 
1 5 1.000000 
1 5 1.000000 
1 5 1.000000 
1 5 1.000000 
1 5 1.000000 
1 5 1.000000 
1 5 1.000000 
1 5 1.000000 
1 5 1.000000 
1 5 1.000000 
1 5 1.000000 
1 5 1.000000 
1 5 1.000000 
1 5 1.000000 
1 5 1.000000 
1 5 1.000000 
1 5 1.000000 
1 5 1.000000 
1 5 1.000000 
1 5 1.000000 
1 5 1.000000 
1 5 1.000000 
1 5 1.000000 
1 5 1.000000 
1 5 1.000000 
1 5 1.000000 
1 5 1.000000 
1 5 1.000000 
1 5 1.000000 
1 5 1.000000 
1 5 1.000000 
1 5 1.000000 
1 5 1.000000 
1 5 1.000000 
1 5 1.000000 
1 5 1.000000 
1 5 1.000000 
1 5 1.000000 
1 5 1.000000 
1 5 1.000000 
1 5 1.000000 
1 5 1.000000 
1 5 1.000000 
1 5 1.000000 
1 5 1.000000 
1 5 1.000000 
1 5 1.000000 
1 5 1.000000 
1 5 1.000000 
1 5 1.000000 
1 5 1.000000 
1 5 1.000000 
1 5 1.000000 
1 5 1.000000 
1 5 1.000000 
1 5 1.000000 
1 5 1.000000 
1 5 1.000000 
1 5 1.000000 
1 5 1.000000 
1 5 1.000000 
1 5 1.000000 
1 5 1.000000 
1 5 1.000000 
1 5 1.000000 
1 5 1.000000 
1 5 1.000000 
1 5 1.000000 
1 5 1.000000 
1 5 1.000000 
1 5 1.000000 
1 5 1.000000 
1 5 1.000000 
1 5 1.000000 
1 5 1.000000 
1 5 1.000000 
1 5 1.000000 
1 5 1.000000 
1 5 1.000000 
1 5 1.000000 
1 5 1.000000 
1 5 1.000000 
1 5 1.000000 
1 5 1.000000 
1 5 1.000000 
1 5 1.000000 
1 5 1.000000 
1 5 1.000000 
1 5 1.000000 
1 5 1.000000 
1 5 1.000000 
1 5 1.000000 
1 5 1.000000 
1 5 1.000000 
1 5 1.000000 
1 5 1.000000 
1 5 1.000000 
1 5 1.000000 
1 5 1.000000 
1 5 1.000000 
1 5 1.000000 
1 5 1.000000 
1 5 1.000000 
1 5 1.000000 
1 5 1.000000 
1 5 1.000000 
1 5 1.000000 
1 5 1.000000 
1 5 1.000000 
1 5 1.000000 
1 5 1.000000 
1 5 1.000000 
1 5 1.000000 
1 5 1.000000 
1 5 1.000000 
1 5 1.000000 
1 5 1.000000 
1 5 1.000000 
1 5 1.000000 
1 5 1.000000 
1 5 1.000000 
1 5 1.000000 
1 5 1.000000 
1 5 1.000000 
1 5 1.000000 
1 5 1.000000 
1 5 1.000000 
1 5 1.000000 
1 5 1.000000 
1 5 1.000000 
1 5 1.000000 
1 5 1.000000 
1 5 1.000000 
1 5 1.000000 
1 5 1.000000 
1 5 1.000000 
1 5 1.000000 
1 5 1.000000 
1 5 1.000000 
1 5 1.000000 
1 5 1.000000 
1 5 1.000000 
1 5 1.000000 
1 5 1.000000 
1 5 1.000000 
1 5 1.000000 
1 5 1.000000 
1 5 1.000000 
1 5 1.000000 
1 5 1.000000 
1 5 1.000000 
1 5 1.000000 
1 5 1.000000 
1 5 1.000000 
1 5 1.000000 
1 5 1.000000 
1 5 1.000000 
1 5 1.000000 
1 5 1.000000 
1 5 1.000000 
1 5 1.000000 
1 5 1.000000 
1 5 1.000000 
1 5 1.000000 
1 5 1.000000 
1 5 1.000000 
1 5 1.000000 
1 5 1.000000 
1 5 1.000000 
1 5 1.000000 
1 5 1.000000 
1 5 1.000000 
1 5 1.000000 
1 5 1.000000 
1 5 1.000000 
1 5 1.000000 
1 5 1.000000 
1 5 1.000000 
1 5 1.000000 
2 4 0.002754 5 0.997246 
1 5 1.000000 
2 4 0.003840 5 0.996160 
1 5 1.000000 
1 5 1.000000 
1 5 1.000000 
1 5 1.000000 
1 5 1.000000 
1 5 1.000000 
1 5 1.000000 
1 5 1.000000 
1 5 1.000000 
1 5 1.000000 
1 5 1.000000 
1 5 1.000000 
1 5 1.000000 
1 5 1.000000 
1 5 1.000000 
1 5 1.000000 
1 5 1.000000 
1 5 1.000000 
2 4 0.018758 5 0.981242 
1 5 1.000000 
1 5 1.000000 
1 5 1.000000 
1 5 1.000000 
1 5 1.000000 
1 5 1.000000 
1 5 1.000000 
1 5 1.000000 
1 5 1.000000 
1 5 1.000000 
1 5 1.000000 
1 5 1.000000 
1 5 1.000000 
1 5 1.000000 
1 5 1.000000 
1 5 1.000000 
1 5 1.000000 
1 5 1.000000 
1 5 1.000000 
1 5 1.000000 
1 5 1.000000 
1 5 1.000000 
1 5 1.000000 
1 5 1.000000 
1 5 1.000000 
1 5 1.000000 
1 5 1.000000 
1 5 1.000000 
1 5 1.000000 
1 5 1.000000 
1 5 1.000000 
1 5 1.000000 
1 5 1.000000 
1 5 1.000000 
1 5 1.000000 
1 5 1.000000 
1 5 1.000000 
1 5 1.000000 
2 4 0.087790 5 0.912210 
2 4 0.073094 5 0.926906 
1 5 1.000000 
1 5 1.000000 
1 5 1.000000 
1 5 1.000000 
1 5 1.000000 
1 5 1.000000 
1 5 1.000000 
1 5 1.000000 
1 5 1.000000 
1 5 1.000000 
1 5 1.000000 
1 5 1.000000 
1 5 1.000000 
1 5 1.000000 
2 5 0.950000 7 0.050000 
2 5 0.950000 7 0.050000 
1 5 1.000000 
1 5 1.000000 
2 5 0.950000 7 0.050000 
2 5 0.950000 7 0.050000 
2 5 0.950000 7 0.050000 
2 5 0.950000 7 0.050000 
1 5 1.000000 
2 5 0.950000 7 0.050000 
1 5 1.000000 
1 5 1.000000 
1 5 1.000000 
1 5 1.000000 
1 5 1.000000 
1 5 1.000000 
1 5 1.000000 
1 5 1.000000 
2 4 0.297181 5 0.702819 
2 4 0.336477 5 0.663523 
2 4 0.599677 5 0.400323 
2 4 0.658188 5 0.341812 
2 4 0.294453 5 0.705547 
2 4 0.333433 5 0.666566 
2 4 0.594650 5 0.405350 
2 4 0.655322 5 0.344678 
3 3 0.050000 4 0.672400 5 0.277600 
3 3 0.052537 4 0.647721 5 0.299743 
3 3 0.053061 4 0.673420 5 0.273519 
1 5 1.000000 
2 4 0.377908 5 0.622092 
2 4 0.444775 5 0.555225 
2 4 0.087790 5 0.912210 
2 4 0.370834 5 0.629166 
2 4 0.444775 5 0.555225 
2 4 0.682524 5 0.317476 
2 4 0.708776 5 0.291224 
2 4 0.687228 5 0.312772 
2 4 0.708776 5 0.291224 
3 3 0.050851 4 0.788643 5 0.160505 
3 3 0.048995 4 0.784472 5 0.166533 
3 3 0.053368 4 0.810575 5 0.136057 
3 3 0.050000 4 0.788800 5 0.161200 
3 3 0.050000 4 0.788800 5 0.161200 
3 3 0.053368 4 0.810575 5 0.136057 
2 3 0.800000 4 0.200000 
2 3 0.505361 4 0.494639 
2 3 0.800000 4 0.200000 
2 3 0.508505 4 0.491495 
2 3 0.500000 4 0.500000 
2 3 0.800000 4 0.200000 
3 3 0.212171 4 0.750604 5 0.037225 
3 3 0.200000 4 0.761200 5 0.038800 
3 3 0.200000 4 0.761200 5 0.038800 
3 3 0.212171 4 0.750604 5 0.037225 
3 3 0.212720 4 0.750156 5 0.037124 
3 3 0.212471 4 0.750613 5 0.036916 
2 3 0.500121 4 0.499879 
2 3 0.500000 4 0.500000 
2 3 0.456522 4 0.543478 
2 3 0.500121 4 0.499879 
2 3 0.494994 4 0.505006 
2 3 0.456801 4 0.543199 
2 3 0.462897 4 0.537103 
3 3 0.200000 4 0.761200 5 0.038800 
3 3 0.216321 4 0.747288 5 0.036391 
2 3 0.474655 4 0.525345 
2 3 0.800000 4 0.200000 
2 3 0.800000 4 0.200000 
2 3 0.800000 4 0.200000 
2 3 0.800000 4 0.200000 
2 3 0.800000 4 0.200000 
2 3 0.800000 4 0.200000 
2 3 0.794765 4 0.205235 
2 3 0.800000 4 0.200000 
3 3 0.050000 4 0.750000 5 0.200000 
3 3 0.048492 4 0.745465 5 0.206043 
1 5 1.000000 
1 5 1.000000 
1 5 1.000000 
1 5 1.000000 
1 5 1.000000 
1 5 1.000000 
1 5 1.000000 
1 5 1.000000 
1 5 1.000000 
1 5 1.000000 
1 5 1.000000 
1 5 1.000000 
1 5 1.000000 
1 5 1.000000 
1 5 1.000000 
1 5 1.000000 
1 5 1.000000 
1 5 1.000000 
1 5 1.000000 
3 3 0.204517 4 0.719063 5 0.076420 
3 3 0.201776 4 0.720994 5 0.077230 
3 3 0.200000 4 0.722400 5 0.077600 
1 5 1.000000 
1 5 1.000000 
1 5 1.000000 
1 5 1.000000 
1 5 1.000000 
1 5 1.000000 
1 5 1.000000 
1 5 1.000000 
1 5 1.000000 
1 5 1.000000 
1 5 1.000000 
1 5 1.000000 
1 5 1.000000 
1 5 1.000000 
1 5 1.000000 
1 5 1.000000 
1 5 1.000000 
1 5 1.000000 
2 5 0.950000 8 0.050000 
1 5 1.000000 
1 5 1.000000 
1 5 1.000000 
1 5 1.000000 
1 5 1.000000 
1 5 1.000000 
1 5 1.000000 
2 5 0.950000 8 0.050000 
2 5 0.950000 8 0.050000 
1 5 1.000000 
1 5 1.000000 
2 5 0.950000 8 0.050000 
1 5 1.000000 
2 5 0.950000 8 0.050000 
2 5 0.950000 8 0.050000 
1 5 1.000000 
1 5 1.000000 
1 5 1.000000 
1 5 1.000000 
2 5 0.950000 8 0.050000 
2 5 0.950000 8 0.050000 
2 5 0.950000 8 0.050000 
2 5 0.950000 8 0.050000 
2 5 0.950000 8 0.050000 
1 5 1.000000 
1 5 1.000000 
2 5 0.950000 8 0.050000 
2 5 0.950000 8 0.050000 
2 5 0.950000 8 0.050000 
2 5 0.950000 8 0.050000 
2 5 0.950000 8 0.050000 
1 5 1.000000 
2 5 0.950000 8 0.050000 
1 5 1.000000 
1 5 1.000000 
1 5 1.000000 
1 5 1.000000 
1 5 1.000000 
1 5 1.000000 
1 5 1.000000 
1 5 1.000000 
2 5 0.950000 8 0.050000 
2 5 0.950000 8 0.050000 
1 5 1.000000 
2 5 0.950000 8 0.050000 
2 5 0.950000 8 0.050000 
2 5 0.950000 8 0.050000 
1 5 1.000000 
2 5 0.950000 8 0.050000 
2 5 0.950000 8 0.050000 
1 5 1.000000 
1 5 1.000000 
1 5 1.000000 
1 5 1.000000 
1 5 1.000000 
