# 1st line: vertCount boneCount maxInfluences
# Each subsequent line corresponds to a vertex.
# In each line, the first number is the number of bone influences for the vertex.
# The next numbers are "influence" pairs of {bone index, bone weight}.
854 72 4
1 0 1.000000 
3 0 0.858435 62 0.120549 67 0.021016 
1 0 1.000000 
3 0 0.479192 62 0.329324 67 0.191483 
3 0 0.552530 62 0.219666 67 0.227804 
3 0 0.877538 62 0.058631 67 0.063831 
3 0 0.862889 62 0.083626 67 0.053484 
3 0 0.485028 62 0.325686 67 0.189286 
3 0 0.237198 62 0.486066 67 0.276736 
3 0 0.285836 62 0.346771 67 0.367393 
3 0 0.554523 62 0.214221 67 0.231256 
3 0 0.137843 62 0.407546 67 0.454611 
3 0 0.288729 62 0.338181 67 0.373090 
3 0 0.241190 62 0.480053 67 0.278757 
3 0 0.090034 62 0.574578 67 0.335388 
1 0 1.000000 
2 0 0.820156 62 0.179844 
1 0 1.000000 
3 0 0.469476 62 0.507299 67 0.023225 
3 0 0.540677 62 0.412056 67 0.047267 
3 0 0.873151 62 0.114984 67 0.011865 
3 0 0.857823 62 0.137501 67 0.004676 
3 0 0.541064 62 0.413548 67 0.045388 
3 0 0.477210 62 0.500434 67 0.022356 
3 0 0.234068 62 0.729065 67 0.036867 
3 0 0.277527 62 0.646727 67 0.075746 
3 0 0.279776 62 0.647173 67 0.073051 
3 0 0.239394 62 0.724725 67 0.035881 
3 0 0.090428 62 0.861325 67 0.048247 
3 0 0.107414 62 0.796036 67 0.096550 
1 0 1.000000 
2 0 0.367816 57 0.632184 
1 0 1.000000 
3 0 0.475323 57 0.360705 62 0.163972 
3 0 0.406088 57 0.541379 62 0.052533 
4 0 0.104849 57 0.726216 58 0.056766 62 0.112169 
3 0 0.150041 57 0.542456 62 0.307504 
4 0 0.110963 57 0.754933 58 0.005606 62 0.128498 
4 0 0.002572 57 0.017882 58 0.857298 62 0.122248 
4 0 0.023395 57 0.127096 58 0.502769 62 0.346740 
3 0 0.162227 57 0.526279 62 0.311494 
2 58 0.646124 62 0.353876 
4 0 0.028098 57 0.152294 58 0.473058 62 0.346551 
4 0 0.009516 57 0.065611 58 0.794289 62 0.130583 
2 58 0.840580 62 0.159420 
1 0 1.000000 
3 0 0.388169 57 0.282972 62 0.328859 
1 0 1.000000 
4 0 0.120467 57 0.073261 58 0.006253 62 0.800020 
2 0 0.188113 62 0.811887 
3 0 0.477433 57 0.004968 62 0.517598 
3 0 0.414611 57 0.084502 62 0.500887 
4 0 0.129018 57 0.076829 58 0.001369 62 0.792784 
4 0 0.003902 57 0.002531 58 0.079818 62 0.913748 
2 0 0.037098 62 0.962902 
2 0 0.202094 62 0.797906 
2 0 0.001672 62 0.998328 
2 0 0.046180 62 0.953820 
4 0 0.011241 57 0.007206 58 0.074430 62 0.907123 
2 58 0.081844 62 0.918156 
1 0 1.000000 
2 0 0.440121 62 0.559879 
2 0 0.567620 62 0.432381 
2 0 0.246241 62 0.753759 
2 0 0.322117 62 0.677883 
2 0 0.620484 62 0.379516 
2 0 0.563128 62 0.436872 
2 0 0.254609 62 0.745391 
2 0 0.107271 62 0.892729 
2 0 0.167348 62 0.832652 
2 0 0.329874 62 0.670126 
2 0 0.103980 62 0.896020 
2 0 0.170533 62 0.829467 
2 0 0.115290 62 0.884710 
2 0 0.072130 62 0.927870 
1 0 1.000000 
2 0 0.575861 62 0.424139 
1 0 1.000000 
2 0 0.361863 62 0.638137 
2 0 0.487176 62 0.512824 
2 0 0.802478 62 0.197522 
2 0 0.681659 62 0.318341 
2 0 0.491662 62 0.508338 
2 0 0.370277 62 0.629723 
2 0 0.202903 62 0.797097 
2 0 0.283388 62 0.716612 
2 0 0.286812 62 0.713188 
2 0 0.210491 62 0.789509 
2 0 0.113615 62 0.886385 
2 0 0.147661 62 0.852339 
2 0 0.161364 62 0.838636 
2 0 0.102257 62 0.897743 
2 0 0.115690 62 0.884310 
2 0 0.196389 62 0.803611 
2 0 0.292287 62 0.707713 
2 0 0.155392 62 0.844608 
2 0 0.192430 62 0.807570 
2 0 0.362952 62 0.637048 
2 0 0.284700 62 0.715300 
2 0 0.356084 62 0.643916 
2 0 0.646992 62 0.353008 
2 0 0.592308 62 0.407692 
2 0 0.047216 62 0.952784 
2 0 0.024374 62 0.975626 
2 0 0.052189 62 0.947811 
2 0 0.109841 62 0.890159 
2 0 0.190028 62 0.809972 
2 0 0.038173 62 0.961827 
2 0 0.106119 62 0.893881 
2 0 0.285219 62 0.714781 
2 0 0.577572 62 0.422428 
2 0 0.464955 62 0.535045 
2 0 0.181100 62 0.818900 
2 0 0.277659 62 0.722341 
4 0 0.008872 57 0.030191 58 0.330573 62 0.630365 
2 58 0.367744 62 0.632256 
2 58 0.161209 62 0.838791 
4 0 0.031097 57 0.045394 58 0.111511 62 0.811998 
4 0 0.098999 57 0.309730 58 0.002879 62 0.588391 
4 0 0.002836 57 0.009486 58 0.344940 62 0.642739 
4 0 0.026178 57 0.040396 58 0.122654 62 0.810772 
3 0 0.167355 57 0.153971 62 0.678674 
4 0 0.093589 57 0.292898 58 0.020607 62 0.592906 
3 0 0.420545 57 0.264805 62 0.314650 
3 0 0.028927 57 0.222613 58 0.748460 
3 0 0.001995 57 0.015354 58 0.982651 
1 58 1.000000 
1 58 1.000000 
1 58 1.000000 
3 0 0.109909 57 0.845823 58 0.044267 
2 0 0.159084 57 0.840916 
3 0 0.019616 57 0.150961 58 0.829423 
2 0 0.451822 57 0.548178 
2 0 0.149650 57 0.850350 
3 0 0.103366 57 0.795471 58 0.101162 
2 0 0.390408 57 0.609592 
2 0 0.281886 62 0.718114 
2 0 0.244712 62 0.755288 
2 0 0.113387 62 0.886613 
2 0 0.136661 62 0.863339 
2 0 0.533163 62 0.466837 
2 0 0.453449 62 0.546551 
2 0 0.240632 62 0.759368 
2 0 0.277544 62 0.722456 
2 0 0.447344 62 0.552656 
2 0 0.531329 62 0.468671 
2 0 0.861782 62 0.138218 
2 0 0.824713 62 0.175287 
3 0 0.284338 62 0.524545 67 0.191117 
3 0 0.243272 62 0.645240 67 0.111488 
3 0 0.063336 62 0.794696 67 0.141968 
3 0 0.108861 62 0.655964 67 0.235174 
3 0 0.550033 62 0.331751 67 0.118215 
3 0 0.486660 62 0.437061 67 0.076280 
3 0 0.237849 62 0.647829 67 0.114323 
3 0 0.281120 62 0.530625 67 0.188255 
3 0 0.875734 62 0.091425 67 0.032841 
3 0 0.862837 62 0.117169 67 0.019994 
3 0 0.480755 62 0.441358 67 0.077887 
3 0 0.546928 62 0.335449 67 0.117623 
3 0 0.877538 62 0.058631 67 0.063831 
3 0 0.877313 62 0.059723 67 0.062964 
3 0 0.859318 62 0.085126 67 0.055557 
3 0 0.862889 62 0.083626 67 0.053484 
3 0 0.875734 62 0.091425 67 0.032841 
3 0 0.875927 62 0.091233 67 0.032840 
3 0 0.858435 62 0.120549 67 0.021016 
3 0 0.862837 62 0.117169 67 0.019994 
3 0 0.554523 62 0.214221 67 0.231256 
3 0 0.552530 62 0.219666 67 0.227804 
3 0 0.479192 62 0.329324 67 0.191483 
3 0 0.485028 62 0.325686 67 0.189286 
3 0 0.550033 62 0.331751 67 0.118215 
3 0 0.546928 62 0.335449 67 0.117623 
3 0 0.480755 62 0.441358 67 0.077887 
3 0 0.486660 62 0.437061 67 0.076280 
3 0 0.288729 62 0.338181 67 0.373090 
3 0 0.285836 62 0.346771 67 0.367393 
3 0 0.237198 62 0.486066 67 0.276736 
3 0 0.241190 62 0.480053 67 0.278757 
3 0 0.284338 62 0.524545 67 0.191117 
3 0 0.281120 62 0.530625 67 0.188255 
3 0 0.237849 62 0.647829 67 0.114323 
3 0 0.243272 62 0.645240 67 0.111488 
3 0 0.873151 62 0.114984 67 0.011865 
3 0 0.873827 62 0.113770 67 0.012403 
3 0 0.854970 62 0.140204 67 0.004826 
3 0 0.857823 62 0.137501 67 0.004676 
2 0 0.861782 62 0.138218 
2 0 0.863889 62 0.136111 
2 0 0.820156 62 0.179844 
2 0 0.824713 62 0.175287 
3 0 0.541064 62 0.413548 67 0.045388 
3 0 0.540677 62 0.412056 67 0.047267 
3 0 0.469476 62 0.507299 67 0.023225 
3 0 0.477210 62 0.500434 67 0.022356 
2 0 0.533163 62 0.466837 
2 0 0.531329 62 0.468671 
2 0 0.447344 62 0.552656 
2 0 0.453449 62 0.546551 
3 0 0.279776 62 0.647173 67 0.073051 
3 0 0.277527 62 0.646727 67 0.075746 
3 0 0.234068 62 0.729065 67 0.036867 
3 0 0.239394 62 0.724725 67 0.035881 
2 0 0.281886 62 0.718114 
2 0 0.277544 62 0.722456 
2 0 0.240632 62 0.759368 
2 0 0.244712 62 0.755288 
3 0 0.388169 57 0.282972 62 0.328859 
3 0 0.420545 57 0.264805 62 0.314650 
3 0 0.484347 57 0.136988 62 0.378664 
3 0 0.460351 57 0.152792 62 0.386857 
3 0 0.475323 57 0.360705 62 0.163972 
3 0 0.455967 57 0.386980 62 0.157053 
3 0 0.381498 57 0.581935 62 0.036567 
3 0 0.406088 57 0.541379 62 0.052533 
2 0 0.467829 57 0.532171 
2 0 0.446637 57 0.553363 
2 0 0.367816 57 0.632184 
2 0 0.390408 57 0.609592 
4 0 0.093589 57 0.292898 58 0.020607 62 0.592906 
4 0 0.098999 57 0.309730 58 0.002879 62 0.588391 
3 0 0.167355 57 0.153971 62 0.678674 
3 0 0.152553 57 0.162308 62 0.685138 
4 0 0.110963 57 0.754933 58 0.005606 62 0.128498 
4 0 0.104849 57 0.726216 58 0.056766 62 0.112169 
2 0 0.161750 57 0.838250 
2 0 0.172832 57 0.827168 
3 0 0.109909 57 0.845823 58 0.044267 
3 0 0.103366 57 0.795471 58 0.101162 
2 0 0.149650 57 0.850350 
2 0 0.159084 57 0.840916 
4 0 0.002836 57 0.009486 58 0.344940 62 0.642739 
4 0 0.008872 57 0.030191 58 0.330573 62 0.630365 
4 0 0.031097 57 0.045394 58 0.111511 62 0.811998 
4 0 0.026178 57 0.040396 58 0.122654 62 0.810772 
4 0 0.009516 57 0.065611 58 0.794289 62 0.130583 
4 0 0.002572 57 0.017882 58 0.857298 62 0.122248 
3 0 0.025465 57 0.195973 58 0.778562 
3 0 0.028927 57 0.222613 58 0.748460 
1 58 1.000000 
3 0 0.001995 57 0.015354 58 0.982651 
2 0 0.440121 62 0.559879 
2 0 0.464955 62 0.535045 
2 0 0.577572 62 0.422428 
2 0 0.567620 62 0.432381 
3 0 0.477433 57 0.004968 62 0.517598 
3 0 0.453090 57 0.003377 62 0.543532 
3 0 0.385856 57 0.090386 62 0.523757 
3 0 0.414611 57 0.084502 62 0.500887 
2 0 0.188113 62 0.811887 
2 0 0.202094 62 0.797906 
2 0 0.190028 62 0.809972 
2 0 0.181100 62 0.818900 
4 0 0.120467 57 0.073261 58 0.006253 62 0.800020 
4 0 0.129018 57 0.076829 58 0.001369 62 0.792784 
2 0 0.037098 62 0.962902 
2 0 0.046180 62 0.953820 
2 0 0.047216 62 0.952784 
2 0 0.038173 62 0.961827 
4 0 0.003902 57 0.002531 58 0.079818 62 0.913748 
4 0 0.011241 57 0.007206 58 0.074430 62 0.907123 
2 0 0.575861 62 0.424139 
2 0 0.592308 62 0.407692 
2 0 0.646992 62 0.353008 
2 0 0.641534 62 0.358466 
2 0 0.620484 62 0.379516 
2 0 0.610412 62 0.389588 
2 0 0.541821 62 0.458179 
2 0 0.563128 62 0.436872 
2 0 0.284700 62 0.715300 
2 0 0.292287 62 0.707713 
2 0 0.362952 62 0.637048 
2 0 0.356084 62 0.643916 
2 0 0.329874 62 0.670126 
2 0 0.322117 62 0.677883 
2 0 0.246241 62 0.753759 
2 0 0.254609 62 0.745391 
2 0 0.155392 62 0.844608 
2 0 0.161364 62 0.838636 
2 0 0.196389 62 0.803611 
2 0 0.192430 62 0.807570 
2 0 0.170533 62 0.829467 
2 0 0.167348 62 0.832652 
2 0 0.107271 62 0.892729 
2 0 0.115290 62 0.884710 
2 0 0.802478 62 0.197522 
2 0 0.804244 62 0.195756 
2 0 0.666006 62 0.333994 
2 0 0.681659 62 0.318341 
2 0 0.491662 62 0.508338 
2 0 0.487176 62 0.512824 
2 0 0.361863 62 0.638137 
2 0 0.370277 62 0.629723 
2 0 0.286812 62 0.713188 
2 0 0.283388 62 0.716612 
2 0 0.202903 62 0.797097 
2 0 0.210491 62 0.789509 
1 58 1.000000 
1 58 1.000000 
1 58 1.000000 
1 58 1.000000 
2 58 0.651070 62 0.348930 
2 58 0.646124 62 0.353876 
2 58 0.840580 62 0.159420 
2 58 0.836736 62 0.163264 
2 58 0.393857 62 0.606143 
2 58 0.155571 62 0.844429 
2 58 0.161209 62 0.838791 
2 58 0.367744 62 0.632256 
2 0 0.004013 62 0.995987 
2 0 0.001672 62 0.998328 
2 58 0.081844 62 0.918156 
2 58 0.081471 62 0.918529 
2 0 0.025152 62 0.974848 
2 0 0.051721 62 0.948279 
2 0 0.052189 62 0.947811 
2 0 0.024374 62 0.975626 
2 0 0.104636 62 0.895364 
2 0 0.103980 62 0.896020 
2 0 0.072130 62 0.927870 
2 0 0.073527 62 0.926473 
2 0 0.102122 62 0.897878 
2 0 0.119521 62 0.880479 
2 0 0.115690 62 0.884310 
2 0 0.102257 62 0.897743 
2 0 0.147661 62 0.852339 
2 0 0.113615 62 0.886385 
2 0 0.112653 62 0.887347 
2 0 0.149585 62 0.850415 
2 0 0.136661 62 0.863339 
2 0 0.113387 62 0.886613 
2 0 0.109331 62 0.890669 
2 0 0.139235 62 0.860765 
3 0 0.107414 62 0.796036 67 0.096550 
3 0 0.090428 62 0.861325 67 0.048247 
3 0 0.086404 62 0.866496 67 0.047100 
3 0 0.109939 62 0.796506 67 0.093556 
3 0 0.108861 62 0.655964 67 0.235174 
3 0 0.063336 62 0.794696 67 0.141968 
3 0 0.061380 62 0.782035 67 0.156585 
3 0 0.111724 62 0.648993 67 0.239283 
3 0 0.138476 62 0.396742 67 0.464782 
3 0 0.137843 62 0.407546 67 0.454611 
3 0 0.090034 62 0.574578 67 0.335388 
3 0 0.086774 62 0.574858 67 0.338369 
3 0 0.381498 57 0.581935 62 0.036567 
1 0 1.000000 
3 0 0.385856 57 0.090386 62 0.523757 
2 0 0.541821 62 0.458179 
2 0 0.666006 62 0.333994 
3 0 0.854970 62 0.140204 67 0.004826 
3 0 0.873827 62 0.113770 67 0.012403 
1 0 1.000000 
3 0 0.859318 62 0.085126 67 0.055557 
1 58 1.000000 
1 58 1.000000 
2 0 0.109841 62 0.890159 
2 0 0.106119 62 0.893881 
2 0 0.285219 62 0.714781 
2 0 0.277659 62 0.722341 
4 0 0.028098 57 0.152294 58 0.473058 62 0.346551 
4 0 0.023395 57 0.127096 58 0.502769 62 0.346740 
3 0 0.162227 57 0.526279 62 0.311494 
3 0 0.150041 57 0.542456 62 0.307504 
3 0 0.019616 57 0.150961 58 0.829423 
3 0 0.023148 57 0.178137 58 0.798715 
3 0 0.025465 57 0.195973 58 0.778562 
2 0 0.172832 57 0.827168 
3 0 0.023148 57 0.178137 58 0.798715 
1 58 1.000000 
3 0 0.484347 57 0.136988 62 0.378664 
3 0 0.152553 57 0.162308 62 0.685138 
2 0 0.467829 57 0.532171 
2 0 0.161750 57 0.838250 
3 0 0.406088 57 0.541379 62 0.052533 
3 0 0.381498 57 0.581935 62 0.036567 
2 0 0.446637 57 0.553363 
2 0 0.467829 57 0.532171 
2 0 0.390408 57 0.609592 
2 0 0.367816 57 0.632184 
2 0 0.429896 57 0.570104 
2 0 0.451822 57 0.548178 
3 0 0.455967 57 0.386980 62 0.157053 
3 0 0.475323 57 0.360705 62 0.163972 
3 0 0.420545 57 0.264805 62 0.314650 
3 0 0.388169 57 0.282972 62 0.328859 
3 0 0.414611 57 0.084502 62 0.500887 
3 0 0.385856 57 0.090386 62 0.523757 
3 0 0.460351 57 0.152792 62 0.386857 
3 0 0.484347 57 0.136988 62 0.378664 
3 0 0.453090 57 0.003377 62 0.543532 
3 0 0.477433 57 0.004968 62 0.517598 
2 0 0.464955 62 0.535045 
2 0 0.440121 62 0.559879 
2 0 0.563128 62 0.436872 
2 0 0.541821 62 0.458179 
2 0 0.567620 62 0.432381 
2 0 0.577572 62 0.422428 
2 0 0.610412 62 0.389588 
2 0 0.620484 62 0.379516 
2 0 0.592308 62 0.407692 
2 0 0.575861 62 0.424139 
2 0 0.681659 62 0.318341 
2 0 0.666006 62 0.333994 
2 0 0.641534 62 0.358466 
2 0 0.646992 62 0.353008 
2 0 0.824713 62 0.175287 
2 0 0.820156 62 0.179844 
2 0 0.804244 62 0.195756 
2 0 0.802478 62 0.197522 
3 0 0.857823 62 0.137501 67 0.004676 
3 0 0.854970 62 0.140204 67 0.004826 
2 0 0.863889 62 0.136111 
2 0 0.861782 62 0.138218 
3 0 0.862837 62 0.117169 67 0.019994 
3 0 0.858435 62 0.120549 67 0.021016 
3 0 0.873827 62 0.113770 67 0.012403 
3 0 0.873151 62 0.114984 67 0.011865 
3 0 0.862889 62 0.083626 67 0.053484 
3 0 0.859318 62 0.085126 67 0.055557 
3 0 0.875927 62 0.091233 67 0.032840 
3 0 0.875734 62 0.091425 67 0.032841 
2 0 0.429896 57 0.570104 
2 0 0.446637 57 0.553363 
3 0 0.455967 57 0.386980 62 0.157053 
3 0 0.460351 57 0.152792 62 0.386857 
3 0 0.453090 57 0.003377 62 0.543532 
2 0 0.610412 62 0.389588 
2 0 0.641534 62 0.358466 
2 0 0.804244 62 0.195756 
2 0 0.863889 62 0.136111 
3 0 0.875927 62 0.091233 67 0.032840 
3 0 0.877313 62 0.059723 67 0.062964 
1 0 1.000000 
1 0 1.000000 
3 0 0.860268 62 0.019294 67 0.120437 
3 0 0.480118 62 0.175150 67 0.344731 
3 0 0.863438 62 0.048480 67 0.088082 
3 0 0.485945 62 0.172794 67 0.341261 
3 0 0.238241 62 0.249625 67 0.512134 
3 0 0.085935 62 0.301253 67 0.612812 
3 0 0.242146 62 0.250658 67 0.507195 
1 0 1.000000 
1 0 1.000000 
2 0 0.814329 67 0.185671 
3 0 0.467583 62 0.017860 67 0.514556 
3 0 0.857262 62 0.002787 67 0.139951 
3 0 0.872162 62 0.010190 67 0.117648 
3 0 0.540742 62 0.042360 67 0.416897 
3 0 0.540759 62 0.040513 67 0.418728 
3 0 0.276084 62 0.069228 67 0.654688 
3 0 0.232142 62 0.030345 67 0.737513 
3 0 0.474879 62 0.017041 67 0.508080 
3 0 0.278028 62 0.066520 67 0.655452 
3 0 0.107796 62 0.089247 67 0.802956 
3 0 0.090617 62 0.041250 67 0.868133 
3 0 0.237224 62 0.029351 67 0.733425 
1 0 1.000000 
1 0 1.000000 
2 0 0.370488 57 0.629512 
3 0 0.469010 57 0.334059 67 0.196931 
3 0 0.141464 57 0.494736 67 0.363801 
4 0 0.103674 57 0.682896 58 0.053527 67 0.159902 
3 0 0.407761 57 0.505721 67 0.086517 
4 0 0.109378 57 0.705883 58 0.007763 67 0.176976 
3 0 0.152132 57 0.478789 67 0.369078 
4 0 0.021704 57 0.109750 58 0.468014 67 0.400532 
2 58 0.801803 67 0.198197 
2 58 0.582298 67 0.417702 
2 58 0.788684 67 0.211316 
4 0 0.006251 57 0.040093 58 0.747100 67 0.206556 
4 0 0.026263 57 0.132396 58 0.440904 67 0.400437 
1 0 1.000000 
1 0 1.000000 
3 0 0.380583 57 0.249775 67 0.369642 
4 0 0.119712 57 0.059096 58 0.007170 67 0.814021 
3 0 0.396269 57 0.072545 67 0.531186 
2 0 0.459658 67 0.540342 
2 0 0.182606 67 0.817394 
4 0 0.128576 57 0.062025 58 0.002996 67 0.806403 
2 0 0.197773 67 0.802227 
2 0 0.035117 67 0.964883 
2 58 0.070585 67 0.929415 
2 0 0.003929 67 0.996071 
2 58 0.071157 67 0.928843 
4 0 0.007823 57 0.004196 58 0.065769 67 0.922212 
2 0 0.044418 67 0.955582 
1 0 1.000000 
2 0 0.559958 67 0.440042 
2 0 0.437375 67 0.562625 
2 0 0.241357 67 0.758643 
2 0 0.549600 67 0.450400 
2 0 0.608014 67 0.391986 
2 0 0.312420 67 0.687580 
2 0 0.249088 67 0.750912 
2 0 0.320180 67 0.679820 
2 0 0.163053 67 0.836947 
2 0 0.102567 67 0.897433 
2 0 0.102913 67 0.897087 
2 0 0.071468 67 0.928532 
2 0 0.110573 67 0.889427 
2 0 0.166247 67 0.833753 
1 0 1.000000 
1 0 1.000000 
2 0 0.564609 67 0.435391 
2 0 0.351077 67 0.648923 
2 0 0.663330 67 0.336670 
2 0 0.786610 67 0.213390 
2 0 0.471841 67 0.528159 
2 0 0.476753 67 0.523247 
2 0 0.273791 67 0.726209 
2 0 0.195597 67 0.804403 
2 0 0.359257 67 0.640743 
2 0 0.277613 67 0.722387 
2 0 0.144067 67 0.855933 
2 0 0.109641 67 0.890359 
2 0 0.201375 67 0.798625 
2 0 0.155937 67 0.844063 
2 0 0.190590 67 0.809410 
2 0 0.113296 67 0.886704 
2 0 0.100239 67 0.899761 
2 0 0.285450 67 0.714550 
2 0 0.352751 67 0.647249 
2 0 0.186585 67 0.813415 
2 0 0.149995 67 0.850005 
2 0 0.279414 67 0.720586 
2 0 0.580737 67 0.419263 
2 0 0.636713 67 0.363287 
2 0 0.346012 67 0.653988 
2 0 0.044867 67 0.955133 
2 0 0.107475 67 0.892525 
2 0 0.053524 67 0.946476 
2 0 0.025904 67 0.974096 
2 0 0.189038 67 0.810962 
2 0 0.279657 67 0.720343 
2 0 0.103676 67 0.896324 
2 0 0.036058 67 0.963942 
2 0 0.569884 67 0.430116 
2 0 0.271887 67 0.728113 
2 0 0.180061 67 0.819939 
2 0 0.455256 67 0.544744 
4 0 0.006991 57 0.020769 58 0.285227 67 0.687014 
4 0 0.028849 57 0.037637 58 0.106872 67 0.826642 
2 58 0.150216 67 0.849784 
2 58 0.316714 67 0.683286 
4 0 0.096465 57 0.256638 58 0.005662 67 0.641235 
3 0 0.160803 57 0.139929 67 0.699268 
4 0 0.023861 57 0.033019 58 0.117708 67 0.825412 
4 0 0.001067 57 0.003111 58 0.296492 67 0.699330 
3 0 0.410379 57 0.236424 67 0.353196 
4 0 0.089866 57 0.234230 58 0.022620 67 0.653284 
3 0 0.028244 57 0.217358 58 0.754398 
1 58 1.000000 
1 58 1.000000 
3 0 0.001352 57 0.010403 58 0.988245 
1 58 1.000000 
3 0 0.018941 57 0.145767 58 0.835291 
2 0 0.156519 57 0.843481 
3 0 0.111519 57 0.858209 58 0.030272 
2 0 0.447393 57 0.552607 
2 0 0.391456 57 0.608544 
3 0 0.105497 57 0.811870 58 0.082633 
2 0 0.147687 57 0.852313 
2 0 0.276723 67 0.723277 
2 0 0.133712 67 0.866288 
2 0 0.110399 67 0.889601 
2 0 0.241445 67 0.758555 
2 0 0.524544 67 0.475456 
2 0 0.273822 67 0.726178 
2 0 0.237462 67 0.762538 
2 0 0.446467 67 0.553533 
2 0 0.440897 67 0.559103 
2 0 0.818930 67 0.181070 
2 0 0.857394 67 0.142606 
2 0 0.523533 67 0.476467 
3 0 0.287748 62 0.166265 67 0.545987 
3 0 0.106774 62 0.207231 67 0.685995 
3 0 0.063758 62 0.134180 67 0.802062 
3 0 0.241883 62 0.104301 67 0.653816 
3 0 0.553511 62 0.103271 67 0.343218 
3 0 0.284363 62 0.164263 67 0.551373 
3 0 0.237295 62 0.108994 67 0.653711 
3 0 0.485741 62 0.070965 67 0.443293 
3 0 0.876126 62 0.028293 67 0.095581 
3 0 0.551251 62 0.102636 67 0.346113 
3 0 0.481008 62 0.074924 67 0.444069 
3 0 0.861892 62 0.018008 67 0.120100 
3 0 0.877538 62 0.058631 67 0.063831 
3 0 0.863438 62 0.048480 67 0.088082 
3 0 0.859663 62 0.050504 67 0.089833 
3 0 0.877313 62 0.059723 67 0.062964 
3 0 0.876126 62 0.028293 67 0.095581 
3 0 0.861892 62 0.018008 67 0.120100 
3 0 0.860268 62 0.019294 67 0.120437 
3 0 0.876598 62 0.028254 67 0.095147 
3 0 0.485945 62 0.172794 67 0.341261 
3 0 0.480118 62 0.175150 67 0.344731 
3 0 0.553511 62 0.103271 67 0.343218 
3 0 0.485741 62 0.070965 67 0.443293 
3 0 0.481008 62 0.074924 67 0.444069 
3 0 0.551251 62 0.102636 67 0.346113 
3 0 0.242146 62 0.250658 67 0.507195 
3 0 0.238241 62 0.249625 67 0.512134 
3 0 0.287748 62 0.166265 67 0.545987 
3 0 0.241883 62 0.104301 67 0.653816 
3 0 0.237295 62 0.108994 67 0.653711 
3 0 0.284363 62 0.164263 67 0.551373 
3 0 0.872162 62 0.010190 67 0.117648 
3 0 0.857262 62 0.002787 67 0.139951 
3 0 0.855937 62 0.002876 67 0.141186 
3 0 0.874242 62 0.010640 67 0.115118 
2 0 0.857394 67 0.142606 
2 0 0.818930 67 0.181070 
2 0 0.814329 67 0.185671 
2 0 0.858910 67 0.141090 
3 0 0.540759 62 0.040513 67 0.418728 
3 0 0.474879 62 0.017041 67 0.508080 
3 0 0.467583 62 0.017860 67 0.514556 
3 0 0.540742 62 0.042360 67 0.416897 
2 0 0.524544 67 0.475456 
2 0 0.446467 67 0.553533 
2 0 0.440897 67 0.559103 
2 0 0.523533 67 0.476467 
3 0 0.278028 62 0.066520 67 0.655452 
3 0 0.237224 62 0.029351 67 0.733425 
3 0 0.232142 62 0.030345 67 0.737513 
3 0 0.276084 62 0.069228 67 0.654688 
2 0 0.276723 67 0.723277 
2 0 0.241445 67 0.758555 
2 0 0.237462 67 0.762538 
2 0 0.273822 67 0.726178 
3 0 0.380583 57 0.249775 67 0.369642 
3 0 0.440582 57 0.144613 67 0.414805 
3 0 0.463610 57 0.129322 67 0.407068 
3 0 0.410379 57 0.236424 67 0.353196 
3 0 0.469010 57 0.334059 67 0.196931 
3 0 0.407761 57 0.505721 67 0.086517 
3 0 0.381078 57 0.546435 67 0.072487 
3 0 0.447571 57 0.361088 67 0.191341 
2 0 0.470424 57 0.529576 
2 0 0.391456 57 0.608544 
2 0 0.370488 57 0.629512 
2 0 0.451412 57 0.548588 
4 0 0.089866 57 0.234230 58 0.022620 67 0.653284 
3 0 0.146148 57 0.148357 67 0.705496 
3 0 0.160803 57 0.139929 67 0.699268 
4 0 0.096465 57 0.256638 58 0.005662 67 0.641235 
4 0 0.109378 57 0.705883 58 0.007763 67 0.176976 
2 0 0.171435 57 0.828565 
2 0 0.161046 57 0.838954 
4 0 0.103674 57 0.682896 58 0.053527 67 0.159902 
3 0 0.111519 57 0.858209 58 0.030272 
2 0 0.156519 57 0.843481 
2 0 0.147687 57 0.852313 
3 0 0.105497 57 0.811870 58 0.082633 
4 0 0.001067 57 0.003111 58 0.296492 67 0.699330 
4 0 0.023861 57 0.033019 58 0.117708 67 0.825412 
4 0 0.028849 57 0.037637 58 0.106872 67 0.826642 
4 0 0.006991 57 0.020769 58 0.285227 67 0.687014 
4 0 0.006251 57 0.040093 58 0.747100 67 0.206556 
3 0 0.028244 57 0.217358 58 0.754398 
3 0 0.024788 57 0.190764 58 0.784448 
2 58 0.801803 67 0.198197 
3 0 0.001352 57 0.010403 58 0.988245 
1 58 1.000000 
2 0 0.437375 67 0.562625 
2 0 0.559958 67 0.440042 
2 0 0.569884 67 0.430116 
2 0 0.455256 67 0.544744 
2 0 0.459658 67 0.540342 
3 0 0.396269 57 0.072545 67 0.531186 
3 0 0.375694 57 0.075961 67 0.548346 
2 0 0.435028 67 0.564972 
2 0 0.182606 67 0.817394 
2 0 0.180061 67 0.819939 
2 0 0.189038 67 0.810962 
2 0 0.197773 67 0.802227 
4 0 0.128576 57 0.062025 58 0.002996 67 0.806403 
4 0 0.119712 57 0.059096 58 0.007170 67 0.814021 
2 0 0.035117 67 0.964883 
2 0 0.036058 67 0.963942 
2 0 0.044867 67 0.955133 
2 0 0.044418 67 0.955582 
4 0 0.007823 57 0.004196 58 0.065769 67 0.922212 
2 58 0.070585 67 0.929415 
2 0 0.564609 67 0.435391 
2 0 0.631655 67 0.368345 
2 0 0.636713 67 0.363287 
2 0 0.580737 67 0.419263 
2 0 0.608014 67 0.391986 
2 0 0.549600 67 0.450400 
2 0 0.530897 67 0.469103 
2 0 0.598313 67 0.401687 
2 0 0.279414 67 0.720586 
2 0 0.346012 67 0.653988 
2 0 0.352751 67 0.647249 
2 0 0.285450 67 0.714550 
2 0 0.320180 67 0.679820 
2 0 0.249088 67 0.750912 
2 0 0.241357 67 0.758643 
2 0 0.312420 67 0.687580 
2 0 0.149995 67 0.850005 
2 0 0.186585 67 0.813415 
2 0 0.190590 67 0.809410 
2 0 0.155937 67 0.844063 
2 0 0.166247 67 0.833753 
2 0 0.110573 67 0.889427 
2 0 0.102567 67 0.897433 
2 0 0.163053 67 0.836947 
2 0 0.786610 67 0.213390 
2 0 0.663330 67 0.336670 
2 0 0.647668 67 0.352332 
2 0 0.788639 67 0.211361 
2 0 0.476753 67 0.523247 
2 0 0.359257 67 0.640743 
2 0 0.351077 67 0.648923 
2 0 0.471841 67 0.528159 
2 0 0.277613 67 0.722387 
2 0 0.201375 67 0.798625 
2 0 0.195597 67 0.804403 
2 0 0.273791 67 0.726209 
1 58 1.000000 
1 58 1.000000 
1 58 1.000000 
1 58 1.000000 
2 58 0.587751 67 0.412249 
2 58 0.784741 67 0.215259 
2 58 0.788684 67 0.211316 
2 58 0.582298 67 0.417702 
2 58 0.342617 67 0.657383 
2 58 0.316714 67 0.683286 
2 58 0.150216 67 0.849784 
2 58 0.144502 67 0.855498 
2 0 0.006222 67 0.993778 
2 58 0.070719 67 0.929281 
2 58 0.071157 67 0.928843 
2 0 0.003929 67 0.996071 
2 0 0.026675 67 0.973325 
2 0 0.025904 67 0.974096 
2 0 0.053524 67 0.946476 
2 0 0.053197 67 0.946803 
2 0 0.103607 67 0.896393 
2 0 0.072848 67 0.927152 
2 0 0.071468 67 0.928532 
2 0 0.102913 67 0.897087 
2 0 0.100089 67 0.899911 
2 0 0.100239 67 0.899761 
2 0 0.113296 67 0.886704 
2 0 0.115022 67 0.884978 
2 0 0.144067 67 0.855933 
2 0 0.146524 67 0.853476 
2 0 0.108641 67 0.891359 
2 0 0.109641 67 0.890359 
2 0 0.133712 67 0.866288 
2 0 0.136274 67 0.863726 
2 0 0.106352 67 0.893648 
2 0 0.110399 67 0.889601 
3 0 0.107796 62 0.089247 67 0.802956 
3 0 0.110197 62 0.086125 67 0.803678 
3 0 0.086637 62 0.039986 67 0.873377 
3 0 0.090617 62 0.041250 67 0.868133 
3 0 0.106774 62 0.207231 67 0.685995 
3 0 0.109476 62 0.210308 67 0.680215 
3 0 0.059978 62 0.127113 67 0.812909 
3 0 0.063758 62 0.134180 67 0.802062 
3 0 0.081796 62 0.301367 67 0.616837 
3 0 0.085935 62 0.301253 67 0.612812 
3 0 0.381078 57 0.546435 67 0.072487 
1 0 1.000000 
3 0 0.375694 57 0.075961 67 0.548346 
2 0 0.530897 67 0.469103 
2 0 0.647668 67 0.352332 
3 0 0.874242 62 0.010640 67 0.115118 
3 0 0.855937 62 0.002876 67 0.141186 
3 0 0.859663 62 0.050504 67 0.089833 
1 58 1.000000 
1 58 1.000000 
2 0 0.103676 67 0.896324 
2 0 0.107475 67 0.892525 
2 0 0.271887 67 0.728113 
2 0 0.279657 67 0.720343 
4 0 0.026263 57 0.132396 58 0.440904 67 0.400437 
4 0 0.021704 57 0.109750 58 0.468014 67 0.400532 
3 0 0.152132 57 0.478789 67 0.369078 
3 0 0.141464 57 0.494736 67 0.363801 
3 0 0.022467 57 0.172899 58 0.804634 
3 0 0.018941 57 0.145767 58 0.835291 
3 0 0.024788 57 0.190764 58 0.784448 
2 0 0.171435 57 0.828565 
1 58 1.000000 
3 0 0.022467 57 0.172899 58 0.804634 
3 0 0.463610 57 0.129322 67 0.407068 
3 0 0.146148 57 0.148357 67 0.705496 
2 0 0.470424 57 0.529576 
2 0 0.161046 57 0.838954 
3 0 0.407761 57 0.505721 67 0.086517 
2 0 0.470424 57 0.529576 
2 0 0.451412 57 0.548588 
3 0 0.381078 57 0.546435 67 0.072487 
2 0 0.391456 57 0.608544 
2 0 0.447393 57 0.552607 
2 0 0.425529 57 0.574471 
2 0 0.370488 57 0.629512 
3 0 0.447571 57 0.361088 67 0.191341 
3 0 0.380583 57 0.249775 67 0.369642 
3 0 0.410379 57 0.236424 67 0.353196 
3 0 0.469010 57 0.334059 67 0.196931 
3 0 0.396269 57 0.072545 67 0.531186 
3 0 0.463610 57 0.129322 67 0.407068 
3 0 0.440582 57 0.144613 67 0.414805 
3 0 0.375694 57 0.075961 67 0.548346 
2 0 0.435028 67 0.564972 
2 0 0.437375 67 0.562625 
2 0 0.455256 67 0.544744 
2 0 0.459658 67 0.540342 
2 0 0.549600 67 0.450400 
2 0 0.569884 67 0.430116 
2 0 0.559958 67 0.440042 
2 0 0.530897 67 0.469103 
2 0 0.598313 67 0.401687 
2 0 0.564609 67 0.435391 
2 0 0.580737 67 0.419263 
2 0 0.608014 67 0.391986 
2 0 0.663330 67 0.336670 
2 0 0.636713 67 0.363287 
2 0 0.631655 67 0.368345 
2 0 0.647668 67 0.352332 
2 0 0.818930 67 0.181070 
2 0 0.786610 67 0.213390 
2 0 0.788639 67 0.211361 
2 0 0.814329 67 0.185671 
3 0 0.857262 62 0.002787 67 0.139951 
2 0 0.857394 67 0.142606 
2 0 0.858910 67 0.141090 
3 0 0.855937 62 0.002876 67 0.141186 
3 0 0.861892 62 0.018008 67 0.120100 
3 0 0.872162 62 0.010190 67 0.117648 
3 0 0.874242 62 0.010640 67 0.115118 
3 0 0.860268 62 0.019294 67 0.120437 
3 0 0.863438 62 0.048480 67 0.088082 
3 0 0.876126 62 0.028293 67 0.095581 
3 0 0.876598 62 0.028254 67 0.095147 
3 0 0.859663 62 0.050504 67 0.089833 
2 0 0.425529 57 0.574471 
2 0 0.451412 57 0.548588 
3 0 0.447571 57 0.361088 67 0.191341 
3 0 0.440582 57 0.144613 67 0.414805 
2 0 0.435028 67 0.564972 
2 0 0.598313 67 0.401687 
2 0 0.631655 67 0.368345 
2 0 0.788639 67 0.211361 
2 0 0.858910 67 0.141090 
3 0 0.876598 62 0.028254 67 0.095147 
