# 1st line: vertCount boneCount maxInfluences
# Each subsequent line corresponds to a vertex.
# In each line, the first number is the number of bone influences for the vertex.
# The next numbers are "influence" pairs of {bone index, bone weight}.
1803 72 4
3 3 0.179300 9 0.472500 10 0.348200 
3 3 0.185111 9 0.466689 10 0.348200 
3 3 0.187718 9 0.464082 10 0.348200 
3 3 0.164591 9 0.487209 10 0.348200 
3 3 0.179300 9 0.472500 10 0.348200 
3 3 0.179300 9 0.472500 10 0.348200 
3 3 0.179300 9 0.472500 10 0.348200 
3 3 0.179300 9 0.443246 10 0.377454 
3 3 0.179300 9 0.472500 10 0.348200 
3 3 0.157302 9 0.494498 10 0.348200 
3 3 0.179300 9 0.472041 10 0.348659 
3 3 0.179300 9 0.472500 10 0.348200 
3 3 0.163144 9 0.488656 10 0.348200 
3 3 0.179022 9 0.472778 10 0.348200 
3 3 0.163144 9 0.488656 10 0.348200 
3 3 0.163144 9 0.488656 10 0.348200 
3 3 0.163144 9 0.488656 10 0.348200 
3 3 0.177943 9 0.473857 10 0.348200 
3 3 0.171726 9 0.486893 10 0.341381 
3 3 0.170581 9 0.481219 10 0.348200 
1 0 1.000000 
1 0 1.000000 
1 0 1.000000 
1 0 1.000000 
1 0 1.000000 
1 0 1.000000 
1 0 1.000000 
1 0 1.000000 
1 0 1.000000 
1 0 1.000000 
1 0 1.000000 
1 0 1.000000 
1 0 1.000000 
1 0 1.000000 
1 0 1.000000 
1 0 1.000000 
1 0 1.000000 
1 0 1.000000 
1 0 1.000000 
1 0 1.000000 
1 0 1.000000 
1 0 1.000000 
1 0 1.000000 
1 0 1.000000 
2 0 0.819584 1 0.180416 
2 0 0.819584 1 0.180416 
2 0 0.863961 1 0.136039 
2 0 0.863961 1 0.136039 
1 0 1.000000 
1 0 1.000000 
1 0 1.000000 
1 0 1.000000 
2 0 0.819584 1 0.180416 
2 0 0.819584 1 0.180416 
2 0 0.863961 1 0.136039 
2 0 0.863961 1 0.136039 
1 0 1.000000 
1 0 1.000000 
1 0 1.000000 
1 0 1.000000 
2 0 0.819584 1 0.180416 
2 0 0.821468 1 0.178532 
2 0 0.872029 1 0.127971 
2 0 0.863961 1 0.136039 
1 0 1.000000 
1 0 1.000000 
1 0 1.000000 
1 0 1.000000 
1 0 1.000000 
1 0 1.000000 
1 0 1.000000 
1 0 1.000000 
2 0 0.819584 1 0.180416 
2 0 0.819584 1 0.180416 
2 0 0.863961 1 0.136039 
2 0 0.863961 1 0.136039 
1 0 1.000000 
1 0 1.000000 
1 0 1.000000 
1 0 1.000000 
2 0 0.819584 1 0.180416 
2 0 0.819584 1 0.180416 
2 0 0.863961 1 0.136039 
2 0 0.863961 1 0.136039 
1 0 1.000000 
1 0 1.000000 
1 0 1.000000 
1 0 1.000000 
2 0 0.819584 1 0.180416 
2 0 0.819584 1 0.180416 
2 0 0.863961 1 0.136039 
2 0 0.863961 1 0.136039 
2 0 0.946751 1 0.053249 
2 0 0.946751 1 0.053249 
2 0 0.863961 1 0.136039 
2 0 0.863961 1 0.136039 
2 0 0.946751 1 0.053249 
2 0 0.946751 1 0.053249 
2 0 0.863961 1 0.136039 
2 0 0.863961 1 0.136039 
2 0 0.863961 1 0.136039 
2 0 0.946751 1 0.053249 
2 0 0.946751 1 0.053249 
2 0 0.863961 1 0.136039 
2 0 0.863961 1 0.136039 
2 0 0.946751 1 0.053249 
2 0 0.946751 1 0.053249 
2 0 0.863961 1 0.136039 
2 0 0.863961 1 0.136039 
2 0 0.946751 1 0.053249 
2 0 0.946751 1 0.053249 
2 0 0.863961 1 0.136039 
2 0 0.953213 1 0.046787 
2 0 0.946751 1 0.053249 
2 0 0.863961 1 0.136039 
2 0 0.872029 1 0.127971 
1 0 1.000000 
1 0 1.000000 
1 0 1.000000 
1 0 1.000000 
1 0 1.000000 
1 0 1.000000 
1 0 1.000000 
1 0 1.000000 
1 0 1.000000 
1 0 1.000000 
1 0 1.000000 
1 0 1.000000 
1 0 1.000000 
1 0 1.000000 
1 0 1.000000 
1 0 1.000000 
1 0 1.000000 
1 0 1.000000 
1 0 1.000000 
1 0 1.000000 
1 0 1.000000 
1 0 1.000000 
1 0 1.000000 
1 0 1.000000 
2 0 0.946751 1 0.053249 
2 0 0.946751 1 0.053249 
1 0 1.000000 
1 0 1.000000 
1 0 1.000000 
1 0 1.000000 
1 0 1.000000 
1 0 1.000000 
2 0 0.946751 1 0.053249 
2 0 0.946751 1 0.053249 
1 0 1.000000 
1 0 1.000000 
1 0 1.000000 
1 0 1.000000 
1 0 1.000000 
1 0 1.000000 
2 0 0.946751 1 0.053249 
2 0 0.946751 1 0.053249 
1 0 1.000000 
1 0 1.000000 
1 0 1.000000 
1 0 1.000000 
1 0 1.000000 
1 0 1.000000 
2 0 0.946751 1 0.053249 
2 0 0.946751 1 0.053249 
1 0 1.000000 
1 0 1.000000 
1 0 1.000000 
1 0 1.000000 
1 0 1.000000 
1 0 1.000000 
2 0 0.946751 1 0.053249 
2 0 0.946751 1 0.053249 
1 0 1.000000 
1 0 1.000000 
1 0 1.000000 
1 0 1.000000 
1 0 1.000000 
1 0 1.000000 
2 0 0.946751 1 0.053249 
2 0 0.953213 1 0.046787 
1 0 1.000000 
1 0 1.000000 
1 0 1.000000 
1 0 1.000000 
1 0 1.000000 
1 0 1.000000 
1 0 1.000000 
1 0 1.000000 
1 0 1.000000 
1 0 1.000000 
1 0 1.000000 
1 0 1.000000 
1 0 1.000000 
2 0 0.993836 1 0.006164 
2 0 0.945328 1 0.054672 
2 0 0.993836 1 0.006164 
2 0 0.945328 1 0.054672 
2 0 0.860194 1 0.139806 
2 0 0.819584 1 0.180416 
2 0 0.860194 1 0.139806 
1 3 1.000000 
1 3 1.000000 
1 3 1.000000 
1 3 1.000000 
1 3 1.000000 
1 3 1.000000 
1 3 1.000000 
1 3 1.000000 
1 3 1.000000 
1 3 1.000000 
1 3 1.000000 
1 3 1.000000 
1 3 1.000000 
1 3 1.000000 
1 3 1.000000 
1 3 1.000000 
1 3 1.000000 
2 2 0.128333 3 0.871667 
1 3 1.000000 
1 3 1.000000 
2 2 0.124676 3 0.875324 
1 3 1.000000 
1 3 1.000000 
1 3 1.000000 
1 3 1.000000 
1 3 1.000000 
1 3 1.000000 
3 1 0.539246 2 0.269623 3 0.191130 
3 1 0.500473 2 0.250236 3 0.249291 
2 2 0.113862 3 0.886138 
2 2 0.121781 3 0.878219 
3 1 0.448442 2 0.224221 3 0.327337 
3 1 0.444771 2 0.222386 3 0.332843 
2 2 0.107692 3 0.892308 
2 2 0.107240 3 0.892760 
1 3 1.000000 
1 3 1.000000 
3 3 0.683369 9 0.223057 10 0.093574 
3 3 0.666269 9 0.229224 10 0.104506 
2 2 0.112720 3 0.887280 
2 2 0.112178 3 0.887822 
1 3 1.000000 
1 3 1.000000 
2 3 0.881308 9 0.118692 
2 3 0.874886 9 0.125114 
3 3 0.531736 9 0.333772 10 0.134492 
3 3 0.543779 9 0.357297 10 0.098924 
3 3 0.611083 9 0.312199 10 0.076718 
3 3 0.594240 9 0.294895 10 0.110865 
2 3 0.888190 9 0.111810 
2 3 0.922558 9 0.077442 
2 3 0.900000 9 0.100000 
2 3 0.800000 9 0.200000 
1 3 1.000000 
1 3 1.000000 
1 3 1.000000 
1 3 1.000000 
1 3 1.000000 
1 3 1.000000 
2 2 0.112400 3 0.887600 
2 3 0.900000 9 0.100000 
2 3 0.700000 9 0.300000 
2 3 0.900000 9 0.100000 
2 3 0.700000 9 0.300000 
2 3 0.700000 9 0.300000 
2 3 0.900000 9 0.100000 
2 2 0.113330 3 0.886670 
2 2 0.126120 3 0.873880 
1 3 1.000000 
1 3 1.000000 
1 3 1.000000 
1 3 1.000000 
3 3 0.482967 9 0.428611 10 0.088422 
3 3 0.157302 9 0.494498 10 0.348200 
3 3 0.179300 9 0.443246 10 0.377454 
3 3 0.177786 9 0.447948 10 0.374266 
3 3 0.175746 9 0.454282 10 0.369972 
3 3 0.175796 9 0.454126 10 0.370077 
3 3 0.676829 9 0.233517 10 0.089654 
3 3 0.182520 9 0.433249 10 0.384231 
3 3 0.163144 9 0.493412 10 0.343443 
3 3 0.763652 9 0.153959 10 0.082390 
3 3 0.786913 9 0.164978 10 0.048110 
3 3 0.410361 9 0.295911 10 0.293728 
3 3 0.387663 9 0.326606 10 0.285731 
3 3 0.772060 9 0.199124 10 0.028815 
3 3 0.163144 9 0.488656 10 0.348200 
3 3 0.157302 9 0.510817 10 0.331881 
3 3 0.658211 9 0.217148 10 0.124641 
3 3 0.157302 9 0.511553 10 0.331145 
3 3 0.171305 9 0.468364 10 0.360331 
3 3 0.534412 9 0.347650 10 0.117938 
3 3 0.169639 9 0.482161 10 0.348200 
3 3 0.492264 9 0.400186 10 0.107550 
1 3 1.000000 
1 3 1.000000 
2 0 0.972433 62 0.027567 
2 0 0.974553 62 0.025447 
2 0 0.959854 62 0.040146 
2 0 0.924235 62 0.075765 
2 0 0.945931 62 0.054069 
3 0 0.989692 62 0.005007 67 0.005302 
3 0 0.807415 62 0.084388 67 0.108197 
2 0 0.715729 62 0.284272 
2 0 0.656848 62 0.343152 
3 0 0.744884 62 0.112689 67 0.142427 
3 0 0.936049 62 0.030029 67 0.033922 
2 0 0.831150 62 0.168850 
3 0 0.744884 62 0.112689 67 0.142427 
2 0 0.656848 62 0.343152 
2 0 0.785714 62 0.214286 
3 0 0.884266 62 0.053856 67 0.061878 
1 3 1.000000 
1 3 1.000000 
1 3 1.000000 
1 3 1.000000 
1 3 1.000000 
1 3 1.000000 
1 3 1.000000 
1 3 1.000000 
1 3 1.000000 
1 3 1.000000 
1 3 1.000000 
1 3 1.000000 
1 3 1.000000 
2 2 0.124676 3 0.875324 
3 1 0.471192 2 0.235596 3 0.293212 
3 1 0.502856 2 0.251428 3 0.245716 
2 2 0.128333 3 0.871667 
2 2 0.113862 3 0.886138 
1 3 1.000000 
1 3 1.000000 
2 2 0.121781 3 0.878219 
1 3 1.000000 
1 3 1.000000 
2 2 0.107240 3 0.892760 
2 2 0.107692 3 0.892308 
2 2 0.112720 3 0.887280 
3 1 0.473029 2 0.236514 3 0.290457 
3 1 0.453659 2 0.226830 3 0.319511 
2 2 0.112178 3 0.887822 
2 2 0.112400 3 0.887600 
3 1 0.453910 2 0.226955 3 0.319135 
4 0 0.004074 1 0.554177 2 0.275780 3 0.165968 
3 1 0.554264 2 0.277132 3 0.168604 
2 2 0.126120 3 0.873880 
2 2 0.113330 3 0.886670 
2 0 0.819584 1 0.180416 
2 0 0.819584 1 0.180416 
4 0 0.007628 1 0.506975 2 0.251047 3 0.234350 
2 0 0.819584 1 0.180416 
2 0 0.819584 1 0.180416 
2 0 0.819584 1 0.180416 
2 0 0.819584 1 0.180416 
2 0 0.819584 1 0.180416 
2 0 0.819584 1 0.180416 
3 1 0.449414 2 0.224706 3 0.325879 
2 0 0.819584 1 0.180416 
2 0 0.819584 1 0.180416 
2 0 0.819584 1 0.180416 
2 0 0.819584 1 0.180416 
2 0 0.862794 62 0.137206 
3 0 0.952425 62 0.022944 67 0.024631 
3 3 0.179300 9 0.472500 10 0.348200 
3 3 0.179300 9 0.443246 10 0.377454 
3 3 0.179300 9 0.472500 10 0.348200 
3 3 0.179300 9 0.472500 10 0.348200 
3 3 0.164591 9 0.487209 10 0.348200 
3 3 0.171726 9 0.486893 10 0.341381 
3 3 0.170581 9 0.481219 10 0.348200 
3 3 0.163144 9 0.488656 10 0.348200 
3 3 0.177943 9 0.473857 10 0.348200 
3 3 0.163144 9 0.488656 10 0.348200 
3 3 0.163144 9 0.488656 10 0.348200 
3 3 0.179300 9 0.472500 10 0.348200 
3 3 0.179300 9 0.472041 10 0.348659 
3 3 0.157302 9 0.494498 10 0.348200 
2 0 0.683574 62 0.316426 
2 0 0.610845 62 0.389155 
2 0 0.317400 62 0.682600 
2 0 0.317400 62 0.682600 
2 0 0.700703 62 0.299297 
2 0 0.317400 62 0.682600 
2 0 0.857161 62 0.142839 
2 0 0.616894 62 0.383106 
2 0 0.317400 62 0.682600 
2 0 0.834887 62 0.165113 
2 0 0.637653 62 0.362347 
2 0 0.814110 62 0.185890 
2 0 0.317400 62 0.682600 
2 0 0.317400 62 0.682600 
2 0 0.595442 62 0.404558 
2 0 0.611729 62 0.388271 
2 0 0.807182 62 0.192818 
2 0 0.317400 62 0.682600 
2 0 0.317400 62 0.682600 
2 0 0.475609 62 0.524391 
2 0 0.482827 62 0.517173 
2 0 0.475609 62 0.524391 
2 0 0.317400 62 0.682600 
2 0 0.317400 62 0.682600 
2 0 0.975152 62 0.024848 
3 0 0.989105 62 0.005168 67 0.005727 
2 0 0.821468 1 0.178532 
2 3 0.863630 9 0.136370 
1 3 1.000000 
1 3 1.000000 
1 3 1.000000 
1 3 1.000000 
1 3 1.000000 
2 2 0.094586 3 0.905414 
2 2 0.094586 3 0.905414 
2 2 0.129683 3 0.870317 
2 2 0.129683 3 0.870317 
1 3 1.000000 
1 3 1.000000 
1 3 1.000000 
1 3 1.000000 
1 3 1.000000 
1 3 1.000000 
1 3 1.000000 
1 3 1.000000 
1 3 1.000000 
1 3 1.000000 
3 3 0.175746 9 0.454282 10 0.369972 
3 3 0.179300 9 0.472500 10 0.348200 
3 3 0.531736 9 0.333772 10 0.134492 
2 3 0.874886 9 0.125114 
1 3 1.000000 
1 3 1.000000 
1 3 1.000000 
1 3 1.000000 
1 3 1.000000 
1 3 1.000000 
1 3 1.000000 
1 3 1.000000 
1 3 1.000000 
1 3 1.000000 
1 3 1.000000 
1 3 1.000000 
1 3 1.000000 
1 3 1.000000 
1 3 1.000000 
1 3 1.000000 
1 3 1.000000 
1 3 1.000000 
1 3 1.000000 
1 3 1.000000 
1 3 1.000000 
1 3 1.000000 
1 3 1.000000 
1 3 1.000000 
1 3 1.000000 
1 3 1.000000 
1 3 1.000000 
1 3 1.000000 
1 3 1.000000 
1 3 1.000000 
1 3 1.000000 
1 3 1.000000 
1 3 1.000000 
1 3 1.000000 
1 3 1.000000 
1 3 1.000000 
1 3 1.000000 
1 3 1.000000 
1 3 1.000000 
1 3 1.000000 
1 3 1.000000 
1 3 1.000000 
1 3 1.000000 
2 62 0.555514 63 0.444486 
2 62 0.590117 63 0.409883 
2 62 0.259025 63 0.740975 
2 62 0.284287 63 0.715713 
2 62 0.784813 63 0.215187 
2 62 0.789818 63 0.210182 
2 62 0.188704 63 0.811296 
2 62 0.639176 63 0.360824 
2 62 0.799370 63 0.200630 
2 62 0.181208 63 0.818792 
2 62 0.427283 63 0.572717 
2 62 0.657559 63 0.342441 
2 62 0.356912 63 0.643088 
2 62 0.580464 63 0.419536 
2 62 0.185301 63 0.814699 
2 62 0.221885 63 0.778115 
2 62 0.417151 63 0.582849 
2 62 0.630317 63 0.369683 
2 62 0.531605 63 0.468395 
2 62 0.156292 63 0.843708 
2 62 0.802007 63 0.197993 
2 62 0.471943 63 0.528057 
2 62 0.495649 63 0.504351 
2 62 0.225101 63 0.774899 
2 62 0.159818 63 0.840182 
2 62 0.762801 63 0.237199 
2 62 0.744018 63 0.255982 
2 62 0.471943 63 0.528057 
2 62 0.159818 63 0.840182 
2 62 0.762801 63 0.237199 
2 63 0.336621 64 0.663379 
2 63 0.298305 64 0.701695 
2 63 0.393509 64 0.606491 
2 63 0.453074 64 0.546926 
2 63 0.273348 64 0.726652 
2 63 0.335527 64 0.664473 
2 63 0.270704 64 0.729296 
2 63 0.320621 64 0.679379 
2 63 0.261170 64 0.738830 
2 63 0.305856 64 0.694144 
2 63 0.276712 64 0.723288 
2 63 0.296700 64 0.703300 
2 63 0.398899 64 0.601101 
2 63 0.331514 64 0.668486 
2 63 0.345171 64 0.654829 
2 63 0.440360 64 0.559640 
2 63 0.259896 64 0.740104 
2 63 0.280444 64 0.719556 
2 63 0.387398 64 0.612602 
2 63 0.476148 64 0.523852 
2 63 0.440360 64 0.559640 
2 63 0.345171 64 0.654829 
2 63 0.419290 64 0.580710 
2 63 0.497518 64 0.502482 
1 63 1.000000 
1 63 1.000000 
1 63 1.000000 
1 63 1.000000 
1 63 1.000000 
1 63 1.000000 
1 63 1.000000 
1 63 1.000000 
1 63 1.000000 
1 63 1.000000 
1 63 1.000000 
1 63 1.000000 
1 63 1.000000 
1 63 1.000000 
1 63 1.000000 
1 63 1.000000 
1 63 1.000000 
1 63 1.000000 
1 63 1.000000 
1 63 1.000000 
1 63 1.000000 
1 63 1.000000 
1 63 1.000000 
1 63 1.000000 
1 63 1.000000 
1 63 1.000000 
1 63 1.000000 
1 63 1.000000 
1 63 1.000000 
1 63 1.000000 
1 63 1.000000 
1 63 1.000000 
1 63 1.000000 
1 63 1.000000 
1 63 1.000000 
1 63 1.000000 
2 63 0.437525 64 0.562475 
2 63 0.403045 64 0.596955 
2 63 0.477612 64 0.522388 
2 63 0.502177 64 0.497823 
2 63 0.440723 64 0.559277 
2 63 0.506476 64 0.493524 
2 62 0.924503 63 0.075497 
2 62 0.900325 63 0.099675 
2 62 0.965144 63 0.034856 
2 62 0.980160 63 0.019840 
2 62 0.884545 63 0.115455 
2 62 0.954099 63 0.045901 
2 62 0.864126 63 0.135874 
2 62 0.944448 63 0.055552 
2 62 0.844246 63 0.155754 
2 62 0.937050 63 0.062950 
2 62 0.832618 63 0.167382 
2 62 0.944779 63 0.055221 
2 62 0.916937 63 0.083063 
2 62 0.973783 63 0.026217 
2 62 0.864781 63 0.135219 
2 62 0.907205 63 0.092795 
2 62 0.965062 63 0.034938 
2 62 0.949362 63 0.050638 
2 62 0.907205 63 0.092795 
2 62 0.965062 63 0.034938 
2 62 0.040178 63 0.959822 
2 62 0.054450 63 0.945550 
1 63 1.000000 
1 63 1.000000 
1 63 1.000000 
2 62 0.054450 63 0.945550 
1 63 1.000000 
2 62 0.054450 63 0.945550 
2 62 0.054450 63 0.945550 
1 63 1.000000 
1 63 1.000000 
2 62 0.040178 63 0.959822 
2 62 0.099283 63 0.900717 
2 62 0.111885 63 0.888115 
1 63 1.000000 
2 62 0.053470 63 0.946530 
2 62 0.029648 63 0.970352 
1 63 1.000000 
1 63 1.000000 
1 63 1.000000 
2 62 0.040178 63 0.959822 
2 62 0.049866 63 0.950134 
2 62 0.112694 63 0.887306 
2 62 0.053487 63 0.946513 
1 63 1.000000 
2 62 0.040178 63 0.959822 
1 63 1.000000 
2 63 0.937446 64 0.062554 
2 63 0.916958 64 0.083042 
2 63 0.625632 64 0.374368 
2 63 0.581892 64 0.418108 
1 63 1.000000 
1 63 1.000000 
1 63 1.000000 
1 63 1.000000 
2 63 0.933181 64 0.066819 
2 63 0.595312 64 0.404688 
1 63 1.000000 
1 63 1.000000 
2 63 0.527564 64 0.472436 
2 63 0.948039 64 0.051961 
2 63 0.950000 64 0.050000 
2 63 0.476853 64 0.523147 
1 63 1.000000 
1 63 1.000000 
1 63 1.000000 
1 63 1.000000 
2 63 0.951569 64 0.048431 
2 63 0.900000 64 0.100000 
2 63 0.417109 64 0.582891 
2 63 0.407821 64 0.592179 
1 63 1.000000 
1 63 1.000000 
1 63 1.000000 
1 63 1.000000 
2 63 0.904642 64 0.095358 
2 63 0.610087 64 0.389913 
2 63 0.889590 64 0.110410 
2 63 0.578758 64 0.421242 
1 63 1.000000 
1 63 1.000000 
2 63 0.375671 64 0.624329 
2 63 0.483671 64 0.516329 
2 63 0.900000 64 0.100000 
2 63 0.900000 64 0.100000 
2 63 0.540449 64 0.459551 
2 63 0.885465 64 0.114535 
1 63 1.000000 
1 63 1.000000 
1 63 1.000000 
1 63 1.000000 
2 63 0.900000 64 0.100000 
2 63 0.379310 64 0.620690 
1 63 1.000000 
1 63 1.000000 
2 63 0.935484 64 0.064516 
2 63 0.885465 64 0.114535 
2 63 0.576321 64 0.423679 
2 63 0.540449 64 0.459551 
1 63 1.000000 
1 63 1.000000 
1 62 1.000000 
1 62 1.000000 
1 62 1.000000 
1 62 1.000000 
1 62 1.000000 
1 62 1.000000 
1 62 1.000000 
1 62 1.000000 
1 62 1.000000 
1 62 1.000000 
1 62 1.000000 
1 62 1.000000 
1 62 1.000000 
1 62 1.000000 
1 62 1.000000 
1 62 1.000000 
1 62 1.000000 
1 62 1.000000 
1 62 1.000000 
1 62 1.000000 
1 62 1.000000 
1 62 1.000000 
1 62 1.000000 
1 62 1.000000 
1 62 1.000000 
1 62 1.000000 
1 62 1.000000 
1 62 1.000000 
1 62 1.000000 
1 62 1.000000 
1 62 1.000000 
1 62 1.000000 
1 62 1.000000 
1 62 1.000000 
1 62 1.000000 
1 62 1.000000 
1 62 1.000000 
1 62 1.000000 
1 62 1.000000 
1 62 1.000000 
2 0 0.106800 62 0.893200 
2 0 0.106800 62 0.893200 
2 0 0.106800 62 0.893200 
2 0 0.106800 62 0.893200 
2 0 0.106800 62 0.893200 
2 0 0.106800 62 0.893200 
2 0 0.106800 62 0.893200 
2 0 0.106800 62 0.893200 
2 0 0.106800 62 0.893200 
2 0 0.106800 62 0.893200 
1 63 1.000000 
1 63 1.000000 
1 63 1.000000 
1 63 1.000000 
1 63 1.000000 
1 63 1.000000 
1 63 1.000000 
1 63 1.000000 
1 63 1.000000 
1 63 1.000000 
1 63 1.000000 
1 63 1.000000 
2 63 0.288431 64 0.711569 
2 63 0.349819 64 0.650181 
2 63 0.313157 64 0.686843 
2 63 0.252948 64 0.747052 
2 63 0.349774 64 0.650226 
2 63 0.392949 64 0.607051 
2 63 0.309945 64 0.690055 
2 63 0.385292 64 0.614708 
2 63 0.235889 64 0.764111 
2 63 0.314539 64 0.685461 
2 63 0.269462 64 0.730538 
2 63 0.170187 64 0.829813 
2 63 0.208636 64 0.791364 
2 63 0.242846 64 0.757154 
2 63 0.170130 64 0.829870 
2 63 0.224529 64 0.775471 
2 63 0.151374 64 0.848626 
2 63 0.214778 64 0.785222 
2 63 0.175105 64 0.824895 
2 63 0.225039 64 0.774961 
2 63 0.170538 64 0.829462 
2 63 0.228720 64 0.771280 
2 63 0.177296 64 0.822704 
2 63 0.229340 64 0.770660 
2 63 0.214168 64 0.785832 
2 63 0.240507 64 0.759493 
2 63 0.193174 64 0.806826 
2 63 0.267292 64 0.732708 
2 63 0.267292 64 0.732708 
2 63 0.193174 64 0.806826 
2 63 0.506476 64 0.493524 
2 63 0.502177 64 0.497823 
2 63 0.497518 64 0.502482 
2 63 0.476148 64 0.523852 
2 63 0.440360 64 0.559640 
2 63 0.398899 64 0.601101 
2 63 0.440360 64 0.559640 
2 63 0.331514 64 0.668486 
2 63 0.280444 64 0.719556 
2 63 0.305856 64 0.694144 
2 63 0.320621 64 0.679379 
2 63 0.335527 64 0.664473 
2 63 0.393509 64 0.606491 
2 63 0.453074 64 0.546926 
2 63 0.477612 64 0.522388 
2 63 0.208636 64 0.791364 
2 63 0.115606 64 0.884394 
2 63 0.170130 64 0.829870 
2 63 0.077656 64 0.922344 
2 63 0.175105 64 0.824895 
2 63 0.151374 64 0.848626 
2 63 0.098546 64 0.901454 
2 63 0.214168 64 0.785832 
2 63 0.177296 64 0.822704 
2 63 0.126163 64 0.873837 
2 63 0.193174 64 0.806826 
2 63 0.057240 64 0.942760 
2 63 0.170538 64 0.829462 
2 63 0.098546 64 0.901454 
2 63 0.177296 64 0.822704 
2 63 0.155817 64 0.844183 
2 63 0.288431 64 0.711569 
2 63 0.252948 64 0.747052 
2 63 0.219650 64 0.780349 
2 63 0.198681 64 0.801319 
2 63 0.309945 64 0.690055 
2 63 0.235889 64 0.764111 
2 63 0.123671 64 0.876329 
2 63 0.071829 64 0.928171 
2 63 0.170187 64 0.829813 
2 63 0.220163 64 0.779837 
2 63 0.349774 64 0.650226 
2 64 0.715249 65 0.284751 
2 64 0.745943 65 0.254057 
2 64 0.884773 65 0.115227 
2 64 0.794085 65 0.205915 
1 64 1.000000 
1 64 1.000000 
2 64 0.875806 65 0.124194 
1 64 1.000000 
2 64 0.687360 65 0.312640 
1 64 1.000000 
2 64 0.864401 65 0.135599 
2 64 0.856057 65 0.143943 
1 64 1.000000 
2 64 0.759844 65 0.240156 
1 64 1.000000 
2 64 0.691966 65 0.308034 
2 64 0.289889 65 0.710111 
2 64 0.689681 65 0.310319 
2 64 0.350927 65 0.649073 
2 64 0.838096 65 0.161904 
1 64 1.000000 
1 64 1.000000 
1 64 1.000000 
1 64 1.000000 
1 64 1.000000 
1 64 1.000000 
1 64 1.000000 
1 64 1.000000 
1 64 1.000000 
1 64 1.000000 
1 64 1.000000 
2 63 0.069164 64 0.930836 
1 64 1.000000 
1 64 1.000000 
1 64 1.000000 
1 64 1.000000 
1 64 1.000000 
1 64 1.000000 
1 64 1.000000 
1 64 1.000000 
1 64 1.000000 
1 64 1.000000 
1 64 1.000000 
1 64 1.000000 
1 64 1.000000 
1 64 1.000000 
1 64 1.000000 
1 64 1.000000 
1 64 1.000000 
1 64 1.000000 
1 64 1.000000 
1 64 1.000000 
2 64 0.871898 65 0.128102 
2 64 0.823092 65 0.176908 
2 64 0.384141 65 0.615859 
2 64 0.410174 65 0.589826 
2 63 0.042909 64 0.957091 
2 63 0.023021 64 0.976979 
1 64 1.000000 
2 64 0.875806 65 0.124194 
2 64 0.746290 65 0.253710 
2 64 0.687360 65 0.312640 
2 64 0.617572 65 0.382428 
1 64 1.000000 
2 64 0.864401 65 0.135599 
2 64 0.754838 65 0.245162 
2 64 0.583255 65 0.416745 
2 64 0.689681 65 0.310319 
1 65 1.000000 
2 64 0.096985 65 0.903015 
2 64 0.113051 65 0.886949 
1 65 1.000000 
2 64 0.125383 65 0.874617 
1 65 1.000000 
1 65 1.000000 
1 65 1.000000 
2 64 0.022442 65 0.977558 
1 65 1.000000 
2 64 0.015034 65 0.984966 
1 65 1.000000 
1 65 1.000000 
1 65 1.000000 
1 65 1.000000 
1 65 1.000000 
1 65 1.000000 
1 65 1.000000 
1 65 1.000000 
1 65 1.000000 
1 65 1.000000 
1 65 1.000000 
1 65 1.000000 
1 65 1.000000 
1 65 1.000000 
2 64 0.045873 65 0.954127 
2 64 0.015034 65 0.984966 
2 64 0.033184 65 0.966816 
2 64 0.096985 65 0.903015 
1 65 1.000000 
1 64 1.000000 
1 64 1.000000 
1 3 1.000000 
1 4 1.000000 
1 4 1.000000 
1 3 1.000000 
1 4 1.000000 
1 3 1.000000 
1 4 1.000000 
1 3 1.000000 
1 3 1.000000 
1 3 1.000000 
1 3 1.000000 
1 4 1.000000 
1 3 1.000000 
1 3 1.000000 
1 4 1.000000 
1 4 1.000000 
1 4 1.000000 
2 3 0.896881 4 0.103119 
1 4 1.000000 
1 4 1.000000 
1 4 1.000000 
1 4 1.000000 
1 4 1.000000 
1 4 1.000000 
1 3 1.000000 
1 3 1.000000 
1 3 1.000000 
1 3 1.000000 
3 3 0.179300 33 0.472500 34 0.348200 
3 3 0.164661 33 0.487139 34 0.348200 
3 3 0.187285 33 0.464641 34 0.348074 
3 3 0.184791 33 0.467009 34 0.348200 
3 3 0.179300 33 0.472497 34 0.348203 
3 3 0.179300 33 0.443246 34 0.377454 
3 3 0.179300 33 0.471645 34 0.349054 
3 3 0.179300 33 0.472473 34 0.348227 
3 3 0.177995 33 0.473805 34 0.348200 
3 3 0.179300 33 0.472481 34 0.348219 
3 3 0.179175 33 0.472169 34 0.348656 
3 3 0.157519 33 0.494281 34 0.348200 
3 3 0.163329 33 0.488472 34 0.348198 
3 3 0.163144 33 0.488656 34 0.348200 
3 3 0.163539 33 0.488261 34 0.348200 
3 3 0.179101 33 0.472699 34 0.348200 
3 3 0.163144 33 0.488656 34 0.348200 
3 3 0.176958 33 0.474842 34 0.348200 
3 3 0.171719 33 0.486858 34 0.341423 
3 3 0.170558 33 0.481242 34 0.348200 
1 0 1.000000 
1 0 1.000000 
1 0 1.000000 
1 0 1.000000 
1 0 1.000000 
1 0 1.000000 
1 0 1.000000 
1 0 1.000000 
1 0 1.000000 
1 0 1.000000 
1 0 1.000000 
1 0 1.000000 
1 0 1.000000 
1 0 1.000000 
1 0 1.000000 
1 0 1.000000 
1 0 1.000000 
1 0 1.000000 
1 0 1.000000 
1 0 1.000000 
1 0 1.000000 
1 0 1.000000 
2 0 0.822528 1 0.177472 
2 0 0.865813 1 0.134187 
2 0 0.865932 1 0.134069 
2 0 0.825738 1 0.174262 
1 0 1.000000 
1 0 1.000000 
1 0 1.000000 
1 0 1.000000 
2 0 0.830978 1 0.169022 
2 0 0.866507 1 0.133493 
2 0 0.866776 1 0.133224 
2 0 0.837651 1 0.162349 
1 0 1.000000 
1 0 1.000000 
1 0 1.000000 
1 0 1.000000 
2 0 0.826100 1 0.173900 
2 0 0.865157 1 0.134843 
1 0 1.000000 
1 0 1.000000 
1 0 1.000000 
1 0 1.000000 
1 0 1.000000 
1 0 1.000000 
2 0 0.833836 1 0.166163 
2 0 0.866968 1 0.133032 
2 0 0.866640 1 0.133360 
2 0 0.829271 1 0.170729 
1 0 1.000000 
1 0 1.000000 
1 0 1.000000 
1 0 1.000000 
2 0 0.838374 1 0.161626 
2 0 0.866054 1 0.133946 
2 0 0.866037 1 0.133963 
2 0 0.837595 1 0.162405 
1 0 1.000000 
1 0 1.000000 
1 0 1.000000 
1 0 1.000000 
2 0 0.838742 1 0.161258 
2 0 0.866400 1 0.133600 
2 0 0.866105 1 0.133895 
2 0 0.838479 1 0.161521 
2 0 0.958661 1 0.041339 
2 0 0.865932 1 0.134069 
2 0 0.865813 1 0.134187 
2 0 0.952414 1 0.047586 
2 0 0.976199 1 0.023801 
2 0 0.866776 1 0.133224 
2 0 0.866507 1 0.133493 
2 0 0.966568 1 0.033432 
2 0 0.866105 1 0.133895 
2 0 0.866400 1 0.133600 
2 0 0.980099 1 0.019901 
2 0 0.978598 1 0.021402 
2 0 0.866037 1 0.133963 
2 0 0.866054 1 0.133946 
2 0 0.979213 1 0.020787 
2 0 0.975305 1 0.024695 
2 0 0.866640 1 0.133360 
2 0 0.866968 1 0.133032 
2 0 0.969451 1 0.030549 
2 0 0.962423 1 0.037577 
2 0 0.865157 1 0.134843 
2 0 0.956686 1 0.043314 
1 0 1.000000 
1 0 1.000000 
1 0 1.000000 
1 0 1.000000 
1 0 1.000000 
1 0 1.000000 
1 0 1.000000 
1 0 1.000000 
1 0 1.000000 
1 0 1.000000 
1 0 1.000000 
1 0 1.000000 
1 0 1.000000 
1 0 1.000000 
1 0 1.000000 
1 0 1.000000 
1 0 1.000000 
1 0 1.000000 
1 0 1.000000 
1 0 1.000000 
1 0 1.000000 
1 0 1.000000 
2 0 0.952414 1 0.047586 
1 0 1.000000 
1 0 1.000000 
2 0 0.958661 1 0.041339 
1 0 1.000000 
1 0 1.000000 
1 0 1.000000 
1 0 1.000000 
2 0 0.966568 1 0.033432 
1 0 1.000000 
1 0 1.000000 
2 0 0.976199 1 0.023801 
1 0 1.000000 
1 0 1.000000 
1 0 1.000000 
1 0 1.000000 
2 0 0.980099 1 0.019901 
1 0 1.000000 
1 0 1.000000 
2 0 0.978598 1 0.021402 
1 0 1.000000 
1 0 1.000000 
1 0 1.000000 
1 0 1.000000 
2 0 0.979213 1 0.020787 
1 0 1.000000 
1 0 1.000000 
2 0 0.975305 1 0.024695 
1 0 1.000000 
1 0 1.000000 
1 0 1.000000 
1 0 1.000000 
2 0 0.969451 1 0.030549 
1 0 1.000000 
1 0 1.000000 
2 0 0.962423 1 0.037577 
1 0 1.000000 
1 0 1.000000 
1 0 1.000000 
1 0 1.000000 
2 0 0.956686 1 0.043314 
1 0 1.000000 
1 0 1.000000 
1 0 1.000000 
1 3 1.000000 
3 3 0.981094 33 0.016482 34 0.002425 
1 3 1.000000 
1 3 1.000000 
2 3 0.991149 33 0.008851 
1 3 1.000000 
1 3 1.000000 
1 3 1.000000 
1 3 1.000000 
1 3 1.000000 
1 3 1.000000 
1 3 1.000000 
3 3 0.967747 33 0.023294 34 0.008959 
3 3 0.980636 33 0.014992 34 0.004372 
1 3 1.000000 
2 2 0.127556 3 0.872444 
2 2 0.115396 3 0.884604 
1 3 1.000000 
1 3 1.000000 
2 3 0.988141 33 0.011859 
2 3 0.989844 33 0.010156 
2 3 0.990927 33 0.009073 
4 0 0.005523 1 0.532193 2 0.265489 3 0.196795 
2 2 0.105358 3 0.894642 
2 2 0.094016 3 0.905984 
4 0 0.004071 1 0.495813 2 0.247459 3 0.252658 
3 1 0.424148 2 0.217884 3 0.357969 
2 2 0.085168 3 0.914832 
2 2 0.088623 3 0.911377 
3 1 0.421044 2 0.216309 3 0.362647 
3 3 0.978178 33 0.014989 34 0.006834 
3 3 0.711229 33 0.198542 34 0.090229 
3 3 0.701897 33 0.210908 34 0.087195 
3 3 0.982327 33 0.012440 34 0.005233 
2 2 0.087108 3 0.912892 
1 3 1.000000 
1 3 1.000000 
2 2 0.094952 3 0.905048 
3 3 0.856846 33 0.135920 34 0.007234 
3 3 0.508373 33 0.364260 34 0.127367 
3 3 0.486432 33 0.347152 34 0.166415 
3 3 0.844267 33 0.143443 34 0.012290 
3 3 0.583936 33 0.320438 34 0.095626 
3 3 0.902448 33 0.092840 34 0.004712 
3 3 0.865783 33 0.125797 34 0.008420 
3 3 0.546721 33 0.314067 34 0.139212 
2 3 0.892593 33 0.107407 
2 3 0.993442 33 0.006558 
2 3 0.982588 33 0.017413 
3 3 0.781134 33 0.212901 34 0.005964 
1 3 1.000000 
1 3 1.000000 
2 3 0.982745 33 0.017255 
2 2 0.101321 3 0.898679 
1 3 1.000000 
2 3 0.884830 33 0.115170 
3 3 0.682361 33 0.310409 34 0.007230 
2 3 0.887084 33 0.112916 
2 3 0.885585 33 0.114415 
3 3 0.684357 33 0.307511 34 0.008132 
3 3 0.690253 33 0.302811 34 0.006936 
1 3 1.000000 
2 2 0.119443 3 0.880557 
1 3 1.000000 
3 3 0.471094 33 0.430875 34 0.098030 
3 3 0.179300 33 0.443246 34 0.377454 
3 3 0.159188 33 0.492612 34 0.348200 
3 3 0.178000 33 0.450347 34 0.371654 
3 3 0.174603 33 0.457676 34 0.367721 
3 3 0.176156 33 0.455918 34 0.367926 
3 3 0.635360 33 0.256197 34 0.108443 
3 3 0.742495 33 0.166283 34 0.091222 
3 3 0.167152 33 0.490244 34 0.342604 
3 3 0.180513 33 0.441240 34 0.378247 
3 3 0.774678 33 0.169104 34 0.056217 
3 3 0.762149 33 0.202407 34 0.035444 
3 3 0.321217 33 0.373134 34 0.305649 
3 3 0.313399 33 0.371606 34 0.314995 
3 3 0.157599 33 0.509826 34 0.332576 
3 3 0.162932 33 0.489463 34 0.347605 
3 3 0.706792 33 0.187140 34 0.106069 
3 3 0.587219 33 0.307432 34 0.105349 
3 3 0.171999 33 0.468684 34 0.359317 
3 3 0.159393 33 0.506943 34 0.333663 
3 3 0.493956 33 0.398479 34 0.107565 
3 3 0.168809 33 0.482991 34 0.348200 
2 3 0.989963 33 0.010037 
2 3 0.995848 33 0.004152 
2 0 0.963858 67 0.036142 
2 0 0.975863 67 0.024137 
2 0 0.945806 67 0.054194 
2 0 0.917559 67 0.082441 
2 0 0.937187 67 0.062813 
2 0 0.581215 67 0.418785 
2 0 0.682389 67 0.317611 
2 0 0.822155 67 0.177845 
2 0 0.731038 67 0.268962 
2 0 0.581215 67 0.418785 
3 3 0.980388 33 0.014579 34 0.005033 
3 3 0.981868 33 0.011524 34 0.006609 
1 3 1.000000 
1 3 1.000000 
2 3 0.998404 33 0.001596 
2 3 0.988721 33 0.011279 
2 3 0.986745 33 0.013255 
2 3 0.994698 33 0.005302 
2 3 0.990660 33 0.009340 
1 3 1.000000 
2 3 0.998821 33 0.001179 
1 3 1.000000 
2 2 0.115396 3 0.884604 
2 2 0.127556 3 0.872444 
4 0 0.002605 1 0.496592 2 0.248009 3 0.252793 
3 1 0.459375 2 0.232067 3 0.308558 
2 2 0.094016 3 0.905984 
2 2 0.105358 3 0.894642 
1 3 1.000000 
1 3 1.000000 
1 3 1.000000 
2 2 0.088623 3 0.911377 
2 2 0.085168 3 0.914832 
1 3 1.000000 
2 2 0.087108 3 0.912892 
2 2 0.094952 3 0.905048 
3 1 0.435607 2 0.222191 3 0.342202 
3 1 0.460317 2 0.232960 3 0.306723 
2 2 0.101321 3 0.898679 
3 1 0.442830 2 0.223956 3 0.333214 
2 2 0.119443 3 0.880557 
3 1 0.551933 2 0.275876 3 0.172191 
2 0 0.822528 1 0.177472 
2 0 0.837595 1 0.162405 
2 0 0.833836 1 0.166163 
2 0 0.838479 1 0.161521 
2 0 0.838374 1 0.161626 
3 1 0.418104 2 0.215640 3 0.366256 
2 0 0.837651 1 0.162349 
2 0 0.838742 1 0.161258 
2 0 0.825738 1 0.174262 
2 0 0.830978 1 0.169022 
2 0 0.829271 1 0.170729 
2 0 0.826100 1 0.173900 
2 0 0.817417 67 0.182583 
3 3 0.179300 33 0.443246 34 0.377454 
3 3 0.179300 33 0.472497 34 0.348203 
3 3 0.179300 33 0.471645 34 0.349054 
3 3 0.164661 33 0.487139 34 0.348200 
3 3 0.179300 33 0.472500 34 0.348200 
3 3 0.171719 33 0.486858 34 0.341423 
3 3 0.170558 33 0.481242 34 0.348200 
3 3 0.176958 33 0.474842 34 0.348200 
3 3 0.163144 33 0.488656 34 0.348200 
3 3 0.163539 33 0.488261 34 0.348200 
3 3 0.163144 33 0.488656 34 0.348200 
3 3 0.179175 33 0.472169 34 0.348656 
3 3 0.179300 33 0.472481 34 0.348219 
3 3 0.157519 33 0.494281 34 0.348200 
2 0 0.652136 67 0.347864 
2 0 0.305610 67 0.694390 
2 0 0.296801 67 0.703200 
2 0 0.492024 67 0.507976 
2 0 0.685899 67 0.314101 
2 0 0.310103 67 0.689897 
2 0 0.848781 67 0.151219 
2 0 0.608678 67 0.391322 
2 0 0.311666 67 0.688334 
2 0 0.832437 67 0.167563 
2 0 0.812646 67 0.187354 
2 0 0.624224 67 0.375776 
2 0 0.311216 67 0.688784 
2 0 0.612296 67 0.387704 
2 0 0.587287 67 0.412713 
2 0 0.309830 67 0.690170 
2 0 0.805316 67 0.194684 
2 0 0.301869 67 0.698131 
2 0 0.468760 67 0.531240 
2 0 0.459186 67 0.540814 
2 0 0.310543 67 0.689457 
2 0 0.310543 67 0.689457 
2 0 0.459186 67 0.540814 
2 0 0.312413 67 0.687587 
2 0 0.971190 67 0.028810 
3 3 0.851495 33 0.142097 34 0.006408 
2 3 0.983665 33 0.016335 
3 3 0.976032 33 0.015630 34 0.008338 
3 3 0.974170 33 0.017879 34 0.007951 
3 3 0.989204 33 0.009289 34 0.001507 
1 3 1.000000 
2 2 0.074436 3 0.925564 
2 2 0.074436 3 0.925564 
1 3 1.000000 
1 3 1.000000 
3 3 0.176156 33 0.455918 34 0.367926 
3 3 0.179300 33 0.472500 34 0.348200 
3 3 0.486432 33 0.347152 34 0.166415 
3 3 0.844267 33 0.143443 34 0.012290 
2 3 0.988721 33 0.011279 
1 3 1.000000 
1 3 1.000000 
1 3 1.000000 
1 3 1.000000 
1 3 1.000000 
1 3 1.000000 
3 3 0.976032 33 0.015630 34 0.008338 
1 3 1.000000 
1 3 1.000000 
3 3 0.974170 33 0.017879 34 0.007951 
1 3 1.000000 
1 3 1.000000 
1 3 1.000000 
1 3 1.000000 
1 3 1.000000 
1 3 1.000000 
1 3 1.000000 
1 3 1.000000 
1 3 1.000000 
1 3 1.000000 
1 3 1.000000 
1 3 1.000000 
1 3 1.000000 
1 3 1.000000 
1 3 1.000000 
1 3 1.000000 
1 3 1.000000 
1 3 1.000000 
3 3 0.980636 33 0.014992 34 0.004372 
1 3 1.000000 
1 3 1.000000 
1 3 1.000000 
1 3 1.000000 
1 3 1.000000 
1 3 1.000000 
1 3 1.000000 
1 3 1.000000 
1 3 1.000000 
1 3 1.000000 
1 3 1.000000 
1 3 1.000000 
1 3 1.000000 
2 67 0.558342 68 0.441658 
2 67 0.276644 68 0.723356 
2 67 0.263445 68 0.736555 
2 67 0.586390 68 0.413610 
2 67 0.789274 68 0.210726 
2 67 0.787771 68 0.212229 
2 67 0.626358 68 0.373642 
2 67 0.182105 68 0.817895 
2 67 0.800734 68 0.199266 
2 67 0.411491 68 0.588509 
2 67 0.175666 68 0.824334 
2 67 0.653223 68 0.346777 
2 67 0.573298 68 0.426702 
2 67 0.356869 68 0.643131 
2 67 0.178913 68 0.821087 
2 67 0.397658 68 0.602342 
2 67 0.208292 68 0.791708 
2 67 0.615459 68 0.384541 
2 67 0.161159 68 0.838841 
2 67 0.526760 68 0.473241 
2 67 0.793951 68 0.206049 
2 67 0.475601 68 0.524399 
2 67 0.166194 68 0.833806 
2 67 0.225267 68 0.774733 
2 67 0.486246 68 0.513754 
2 67 0.730346 68 0.269654 
2 67 0.762808 68 0.237192 
2 67 0.166194 68 0.833806 
2 67 0.475601 68 0.524399 
2 67 0.762808 68 0.237192 
2 68 0.336621 69 0.663379 
2 68 0.490176 69 0.509824 
2 68 0.435663 69 0.564337 
2 68 0.299207 69 0.700793 
2 68 0.379509 69 0.620491 
2 68 0.275857 69 0.724143 
2 68 0.271092 69 0.728908 
2 68 0.349261 69 0.650739 
2 68 0.262858 69 0.737142 
2 68 0.327717 69 0.672283 
2 68 0.279488 69 0.720512 
2 68 0.323791 69 0.676209 
2 68 0.391762 69 0.608238 
2 68 0.283410 69 0.716590 
2 68 0.442416 69 0.557584 
2 68 0.328416 69 0.671584 
2 68 0.288586 69 0.711414 
2 68 0.261386 69 0.738614 
2 68 0.370369 69 0.629631 
2 68 0.328416 69 0.671584 
2 68 0.442416 69 0.557584 
2 68 0.478287 69 0.521713 
2 68 0.402854 69 0.597146 
2 68 0.499081 69 0.500919 
1 68 1.000000 
1 68 1.000000 
1 68 1.000000 
2 68 0.997038 69 0.002962 
1 68 1.000000 
1 68 1.000000 
1 68 1.000000 
2 68 0.998308 69 0.001692 
1 68 1.000000 
1 68 1.000000 
1 68 1.000000 
1 68 1.000000 
1 68 1.000000 
1 68 1.000000 
1 68 1.000000 
1 68 1.000000 
1 68 1.000000 
1 68 1.000000 
1 68 1.000000 
1 68 1.000000 
1 68 1.000000 
1 68 1.000000 
1 68 1.000000 
1 68 1.000000 
1 68 1.000000 
1 68 1.000000 
1 68 1.000000 
1 68 1.000000 
1 68 1.000000 
1 68 1.000000 
1 68 1.000000 
1 68 1.000000 
1 68 1.000000 
1 68 1.000000 
1 68 1.000000 
1 68 1.000000 
2 68 0.434353 69 0.565647 
2 68 0.524853 69 0.475147 
2 68 0.513227 69 0.486773 
2 68 0.400993 69 0.599007 
2 68 0.500247 69 0.499753 
2 68 0.431600 69 0.568400 
2 67 0.922431 68 0.077569 
2 67 0.978753 68 0.021247 
2 67 0.965703 68 0.034297 
2 67 0.901705 68 0.098295 
2 67 0.885662 68 0.114338 
2 67 0.954735 68 0.045265 
2 67 0.864902 68 0.135098 
2 67 0.944951 68 0.055049 
2 67 0.936130 68 0.063870 
2 67 0.836065 68 0.163935 
2 67 0.828786 68 0.171214 
2 67 0.941002 68 0.058998 
2 67 0.915173 68 0.084827 
2 67 0.972981 68 0.027019 
2 67 0.861848 68 0.138152 
2 67 0.949539 68 0.050461 
2 67 0.963995 68 0.036005 
2 67 0.904836 68 0.095163 
2 67 0.904836 68 0.095163 
2 67 0.963995 68 0.036005 
2 67 0.042051 68 0.957949 
2 67 0.054120 68 0.945880 
1 68 1.000000 
1 68 1.000000 
2 67 0.053517 68 0.946483 
1 68 1.000000 
2 67 0.053545 68 0.946455 
1 68 1.000000 
2 67 0.053427 68 0.946573 
1 68 1.000000 
2 67 0.040882 68 0.959118 
1 68 1.000000 
2 67 0.099582 68 0.900418 
2 67 0.108163 68 0.891837 
2 67 0.051389 68 0.948611 
1 68 1.000000 
2 67 0.029360 68 0.970640 
1 68 1.000000 
1 68 1.000000 
2 67 0.053271 68 0.946729 
2 67 0.039425 68 0.960575 
1 68 1.000000 
2 67 0.112753 68 0.887247 
2 67 0.053642 68 0.946358 
1 68 1.000000 
2 67 0.039425 68 0.960575 
1 68 1.000000 
2 68 0.933583 69 0.066417 
2 68 0.897336 69 0.102664 
2 68 0.621224 69 0.378776 
2 68 0.582546 69 0.417454 
1 68 1.000000 
1 68 1.000000 
1 68 1.000000 
1 68 1.000000 
2 68 0.906414 69 0.093586 
2 68 0.595098 69 0.404902 
1 68 1.000000 
1 68 1.000000 
2 68 0.917401 69 0.082599 
2 68 0.527564 69 0.472436 
2 68 0.927205 69 0.072795 
2 68 0.481472 69 0.518528 
1 68 1.000000 
1 68 1.000000 
1 68 1.000000 
1 68 1.000000 
2 68 0.939278 69 0.060722 
2 68 0.928153 69 0.071847 
2 68 0.409551 69 0.590449 
2 68 0.427962 69 0.572038 
1 68 1.000000 
1 68 1.000000 
1 68 1.000000 
1 68 1.000000 
2 68 0.914626 69 0.085375 
2 68 0.610421 69 0.389579 
2 68 0.894835 69 0.105165 
2 68 0.562029 69 0.437971 
1 68 1.000000 
1 68 1.000000 
2 68 0.364632 69 0.635368 
2 68 0.900000 69 0.100000 
2 68 0.900000 69 0.100000 
2 68 0.444255 69 0.555745 
2 68 0.888737 69 0.111263 
2 68 0.491835 69 0.508165 
1 68 1.000000 
1 68 1.000000 
1 68 1.000000 
1 68 1.000000 
2 68 0.901588 69 0.098412 
2 68 0.407202 69 0.592798 
1 68 1.000000 
1 68 1.000000 
2 68 0.929598 69 0.070402 
2 68 0.888737 69 0.111263 
2 68 0.543416 69 0.456584 
2 68 0.491835 69 0.508165 
1 68 1.000000 
1 68 1.000000 
1 67 1.000000 
1 67 1.000000 
1 67 1.000000 
1 67 1.000000 
1 67 1.000000 
1 67 1.000000 
1 67 1.000000 
1 67 1.000000 
1 67 1.000000 
1 67 1.000000 
1 67 1.000000 
1 67 1.000000 
1 67 1.000000 
1 67 1.000000 
1 67 1.000000 
2 67 0.998736 68 0.001264 
1 67 1.000000 
1 67 1.000000 
1 67 1.000000 
1 67 1.000000 
2 67 0.998941 68 0.001059 
1 67 1.000000 
1 67 1.000000 
1 67 1.000000 
1 67 1.000000 
1 67 1.000000 
1 67 1.000000 
1 67 1.000000 
1 67 1.000000 
1 67 1.000000 
1 67 1.000000 
1 67 1.000000 
1 67 1.000000 
1 67 1.000000 
1 67 1.000000 
1 67 1.000000 
1 67 1.000000 
1 67 1.000000 
1 67 1.000000 
1 67 1.000000 
2 0 0.102586 67 0.897414 
2 0 0.104473 67 0.895527 
2 0 0.105388 67 0.894612 
2 0 0.105369 67 0.894631 
2 0 0.105476 67 0.894524 
2 0 0.102388 67 0.897612 
2 0 0.100378 67 0.899622 
2 0 0.102461 67 0.897539 
2 0 0.104432 67 0.895568 
2 0 0.104432 67 0.895568 
1 68 1.000000 
1 68 1.000000 
1 68 1.000000 
1 68 1.000000 
1 68 1.000000 
1 68 1.000000 
1 68 1.000000 
1 68 1.000000 
1 68 1.000000 
1 68 1.000000 
1 68 1.000000 
1 68 1.000000 
2 68 0.279400 69 0.720600 
2 68 0.240980 69 0.759020 
2 68 0.298642 69 0.701358 
2 68 0.344255 69 0.655745 
2 68 0.330239 69 0.669761 
2 68 0.391213 69 0.608787 
2 68 0.312097 69 0.687903 
2 68 0.381323 69 0.618677 
2 68 0.327660 69 0.672340 
2 68 0.260984 69 0.739016 
2 68 0.277760 69 0.722240 
2 68 0.206600 69 0.793400 
2 68 0.217062 69 0.782938 
2 68 0.252140 69 0.747859 
2 68 0.190798 69 0.809202 
2 68 0.235434 69 0.764566 
2 68 0.173205 69 0.826795 
2 68 0.227689 69 0.772311 
2 68 0.175947 69 0.824053 
2 68 0.228957 69 0.771043 
2 68 0.171750 69 0.828250 
2 68 0.229412 69 0.770588 
2 68 0.176005 69 0.823995 
2 68 0.217972 69 0.782028 
2 68 0.209857 69 0.790143 
2 68 0.233826 69 0.766174 
2 68 0.193472 69 0.806528 
2 68 0.248411 69 0.751589 
2 68 0.193472 69 0.806528 
2 68 0.248411 69 0.751589 
2 68 0.500247 69 0.499753 
2 68 0.524853 69 0.475147 
2 68 0.499081 69 0.500919 
2 68 0.478287 69 0.521713 
2 68 0.442416 69 0.557584 
2 68 0.391762 69 0.608238 
2 68 0.442416 69 0.557584 
2 68 0.323791 69 0.676209 
2 68 0.288586 69 0.711414 
2 68 0.327717 69 0.672283 
2 68 0.349261 69 0.650739 
2 68 0.379509 69 0.620491 
2 68 0.435663 69 0.564337 
2 68 0.490176 69 0.509824 
2 68 0.513227 69 0.486773 
2 68 0.217062 69 0.782938 
2 68 0.190798 69 0.809202 
2 68 0.110351 69 0.889649 
2 68 0.083830 69 0.916170 
2 68 0.173205 69 0.826795 
2 68 0.175947 69 0.824053 
2 68 0.093601 69 0.906399 
2 68 0.176005 69 0.823995 
2 68 0.209857 69 0.790143 
2 68 0.193472 69 0.806528 
2 68 0.117934 69 0.882066 
2 68 0.171750 69 0.828250 
2 68 0.068912 69 0.931088 
2 68 0.176005 69 0.823995 
2 68 0.093601 69 0.906399 
2 68 0.160147 69 0.839853 
2 68 0.240980 69 0.759020 
2 68 0.279400 69 0.720600 
2 68 0.337097 69 0.662903 
2 68 0.260984 69 0.739016 
2 68 0.113406 69 0.886594 
2 68 0.206600 69 0.793400 
2 68 0.065216 69 0.934784 
2 68 0.330239 69 0.669761 
2 68 0.214710 69 0.785290 
2 68 0.312097 69 0.687903 
2 68 0.212668 69 0.787332 
2 69 0.701497 70 0.298503 
2 69 0.794559 70 0.205441 
2 69 0.878594 70 0.121407 
2 69 0.734352 70 0.265648 
2 69 0.984194 70 0.015806 
2 69 0.990415 70 0.009585 
2 69 0.988694 70 0.011306 
2 69 0.863816 70 0.136184 
2 69 0.670950 70 0.329050 
1 69 1.000000 
1 69 1.000000 
2 69 0.839432 70 0.160568 
2 69 0.849318 70 0.150682 
2 69 0.987031 70 0.012969 
2 69 0.751672 70 0.248328 
2 69 0.293748 70 0.706252 
2 69 0.607434 70 0.392566 
2 69 0.666573 70 0.333427 
2 69 0.820579 70 0.179421 
2 69 0.336212 70 0.663788 
2 69 0.993312 70 0.006688 
2 68 0.002096 69 0.997904 
1 69 1.000000 
1 69 1.000000 
1 69 1.000000 
1 69 1.000000 
1 69 1.000000 
1 69 1.000000 
1 69 1.000000 
1 69 1.000000 
2 68 0.008403 69 0.991597 
2 68 0.061192 69 0.938808 
1 69 1.000000 
1 69 1.000000 
1 69 1.000000 
1 69 1.000000 
1 69 1.000000 
1 69 1.000000 
1 69 1.000000 
2 68 0.001951 69 0.998049 
1 69 1.000000 
1 69 1.000000 
1 69 1.000000 
1 69 1.000000 
1 69 1.000000 
1 69 1.000000 
1 69 1.000000 
1 69 1.000000 
1 69 1.000000 
2 69 0.988694 70 0.011306 
2 69 0.992720 70 0.007280 
2 69 0.837594 70 0.162406 
2 69 0.366199 70 0.633801 
2 68 0.037514 69 0.962486 
2 69 0.988045 70 0.011955 
2 68 0.020734 69 0.979266 
2 69 0.402395 70 0.597605 
2 69 0.792651 70 0.207349 
2 69 0.908624 70 0.091376 
2 69 0.738679 70 0.261321 
2 69 0.863816 70 0.136184 
2 69 0.533277 70 0.466723 
2 69 0.670950 70 0.329050 
2 69 0.970569 70 0.029431 
2 69 0.849318 70 0.150682 
2 69 0.666573 70 0.333427 
2 69 0.562728 70 0.437272 
2 69 0.743182 70 0.256818 
2 69 0.004910 70 0.995090 
1 70 1.000000 
2 69 0.113051 70 0.886949 
2 69 0.097842 70 0.902158 
1 70 1.000000 
2 69 0.124653 70 0.875347 
1 70 1.000000 
1 70 1.000000 
2 69 0.018173 70 0.981827 
2 69 0.005591 70 0.994409 
2 69 0.001993 70 0.998007 
2 69 0.028566 70 0.971434 
1 70 1.000000 
1 70 1.000000 
1 70 1.000000 
1 70 1.000000 
1 70 1.000000 
2 69 0.015080 70 0.984920 
1 70 1.000000 
1 70 1.000000 
2 69 0.001993 70 0.998007 
1 70 1.000000 
1 70 1.000000 
1 70 1.000000 
1 70 1.000000 
2 69 0.042062 70 0.957938 
2 69 0.028566 70 0.971434 
2 69 0.036210 70 0.963790 
2 69 0.097842 70 0.902158 
2 69 0.004910 70 0.995090 
2 68 0.001951 69 0.998049 
1 69 1.000000 
1 3 1.000000 
2 3 0.003594 4 0.996406 
2 3 0.998404 33 0.001596 
2 3 0.025610 4 0.974390 
2 3 0.986745 33 0.013255 
2 3 0.026118 4 0.973882 
2 3 0.990660 33 0.009340 
2 3 0.988721 33 0.011279 
2 3 0.998821 33 0.001179 
2 3 0.023952 4 0.976048 
2 3 0.994698 33 0.005302 
1 3 1.000000 
2 3 0.098301 4 0.901699 
2 3 0.025517 4 0.974483 
1 3 1.000000 
2 3 0.896881 4 0.103119 
1 4 1.000000 
1 4 1.000000 
1 4 1.000000 
1 4 1.000000 
1 4 1.000000 
1 4 1.000000 
2 3 0.983665 33 0.016335 
1 3 1.000000 
1 3 1.000000 
1 65 1.000000 
1 70 1.000000 
