# 1st line: vertCount boneCount maxInfluences
# Each subsequent line corresponds to a vertex.
# In each line, the first number is the number of bone influences for the vertex.
# The next numbers are "influence" pairs of {bone index, bone weight}.
215 72 3
2 67 0.996599 68 0.003401 
2 67 0.996039 68 0.003961 
2 67 0.996516 68 0.003484 
2 67 0.997159 68 0.002841 
2 67 0.994581 68 0.005419 
2 67 0.988959 68 0.011041 
2 67 0.978801 68 0.021199 
2 67 0.987470 68 0.012530 
2 67 0.971456 68 0.028544 
2 67 0.962975 68 0.037025 
2 67 0.991604 68 0.008396 
2 67 0.996322 68 0.003678 
2 67 0.993026 68 0.006974 
2 67 0.992586 68 0.007414 
2 67 0.995111 68 0.004889 
2 67 0.990800 68 0.009199 
2 67 0.983198 68 0.016802 
2 67 0.997478 68 0.002522 
2 67 0.960156 68 0.039844 
2 67 0.956180 68 0.043820 
2 67 0.961352 68 0.038648 
2 67 0.952837 68 0.047163 
2 67 0.950126 68 0.049874 
2 67 0.994181 68 0.005819 
2 67 0.995096 68 0.004904 
2 67 0.985618 68 0.014382 
2 67 0.971000 68 0.029000 
2 67 0.951569 68 0.048431 
2 67 0.970181 68 0.029819 
2 67 0.925283 68 0.074717 
2 67 0.943422 68 0.056578 
2 67 0.990583 68 0.009417 
2 67 0.982228 68 0.017772 
2 67 0.988370 68 0.011630 
3 0 0.001314 67 0.971727 68 0.026959 
3 0 0.001032 67 0.986345 68 0.012623 
2 67 0.954828 68 0.045172 
2 67 0.992409 68 0.007591 
2 67 0.927035 68 0.072965 
2 67 0.924930 68 0.075070 
2 67 0.941895 68 0.058105 
2 67 0.908266 68 0.091734 
2 67 0.185826 68 0.814174 
2 67 0.300140 68 0.699860 
2 67 0.318023 68 0.681977 
2 67 0.212248 68 0.787752 
2 67 0.349030 68 0.650970 
2 67 0.358817 68 0.641183 
2 67 0.263943 68 0.736057 
2 67 0.240855 68 0.759145 
2 67 0.600112 68 0.399888 
2 67 0.827868 68 0.172132 
2 67 0.842340 68 0.157660 
2 67 0.626779 68 0.373221 
2 67 0.667845 68 0.332155 
2 67 0.644187 68 0.355813 
2 67 0.850092 68 0.149908 
2 67 0.845527 68 0.154473 
2 67 0.926879 68 0.073121 
2 67 0.949152 68 0.050848 
2 67 0.952412 68 0.047588 
2 67 0.919909 68 0.080091 
2 67 0.921258 68 0.078742 
2 67 0.947879 68 0.052121 
2 67 0.956095 68 0.043905 
2 67 0.937967 68 0.062033 
2 67 0.364520 68 0.635480 
2 67 0.377635 68 0.622365 
2 67 0.289025 68 0.710975 
2 67 0.264833 68 0.735167 
2 67 0.652078 68 0.347922 
2 67 0.651938 68 0.348062 
2 67 0.848506 68 0.151494 
2 67 0.855574 68 0.144426 
2 67 0.949271 68 0.050729 
2 67 0.915585 68 0.084415 
2 67 0.909391 68 0.090609 
2 67 0.921993 68 0.078007 
2 67 0.914228 68 0.085772 
2 67 0.920102 68 0.079898 
2 67 0.128084 68 0.871916 
2 67 0.169198 68 0.830802 
2 67 0.191753 68 0.808247 
2 67 0.147316 68 0.852684 
2 67 0.226490 68 0.773510 
2 67 0.180416 68 0.819584 
2 67 0.216248 68 0.783752 
2 67 0.242913 68 0.757087 
2 67 0.914228 68 0.085772 
2 67 0.920102 68 0.079898 
2 67 0.960156 68 0.039844 
2 67 0.956180 68 0.043820 
2 67 0.909391 68 0.090609 
2 67 0.921993 68 0.078007 
2 67 0.961352 68 0.038648 
2 67 0.952837 68 0.047163 
2 67 0.358817 68 0.641183 
2 67 0.263943 68 0.736057 
2 67 0.280789 68 0.719211 
2 67 0.378981 68 0.621019 
2 67 0.667845 68 0.332155 
2 67 0.638456 68 0.361544 
2 67 0.868045 68 0.131955 
2 67 0.845527 68 0.154473 
2 67 0.916831 68 0.083169 
2 67 0.950126 68 0.049874 
2 67 0.125236 68 0.874764 
2 67 0.134086 68 0.865914 
2 67 0.212248 68 0.787752 
2 67 0.185826 68 0.814174 
2 67 0.170637 68 0.829363 
2 67 0.240855 68 0.759145 
2 67 0.201311 68 0.798689 
2 67 0.218829 68 0.781171 
3 67 0.026559 68 0.971211 69 0.002230 
3 67 0.023246 68 0.974133 69 0.002621 
3 67 0.017652 68 0.979580 69 0.002769 
3 67 0.019617 68 0.977912 69 0.002471 
2 67 0.051406 68 0.948594 
2 67 0.088504 68 0.911496 
2 67 0.137300 68 0.862700 
2 67 0.096795 68 0.903205 
2 67 0.250685 68 0.749315 
2 67 0.211380 68 0.788620 
3 67 0.037901 68 0.960507 69 0.001592 
2 67 0.059325 68 0.940675 
3 67 0.044054 68 0.954868 69 0.001078 
3 67 0.031244 68 0.967297 69 0.001458 
2 67 0.091954 68 0.908046 
2 67 0.045132 68 0.954868 
2 67 0.165364 68 0.834636 
3 67 0.033121 68 0.965020 69 0.001860 
2 67 0.170637 68 0.829363 
2 67 0.201311 68 0.798689 
2 67 0.134086 68 0.865914 
2 67 0.125236 68 0.874764 
2 67 0.218829 68 0.781171 
2 67 0.140673 68 0.859327 
2 67 0.251588 68 0.748412 
2 67 0.262528 68 0.737472 
2 67 0.166540 68 0.833460 
2 67 0.183729 68 0.816271 
2 67 0.268110 68 0.731890 
2 67 0.563732 68 0.436268 
2 67 0.798838 68 0.201161 
2 67 0.535431 68 0.464569 
2 67 0.766402 68 0.233598 
2 67 0.771904 68 0.228096 
2 67 0.534869 68 0.465131 
2 67 0.882546 68 0.117454 
2 67 0.864847 68 0.135153 
2 67 0.914752 68 0.085248 
2 67 0.916982 68 0.083018 
2 67 0.906419 68 0.093581 
2 67 0.937279 68 0.062721 
2 67 0.268498 68 0.731502 
2 67 0.182436 68 0.817564 
2 67 0.203293 68 0.796707 
2 67 0.277907 68 0.722093 
2 67 0.531965 68 0.468035 
2 67 0.535455 68 0.464545 
2 67 0.773289 68 0.226711 
2 67 0.769728 68 0.230272 
2 67 0.858514 68 0.141486 
2 67 0.906387 68 0.093613 
2 67 0.894544 68 0.105456 
2 67 0.864574 68 0.135426 
2 67 0.860891 68 0.139109 
2 67 0.105958 68 0.894042 
2 67 0.144621 68 0.855379 
2 67 0.118510 68 0.881490 
2 67 0.151763 68 0.848237 
2 67 0.141493 68 0.858507 
2 67 0.163604 68 0.836396 
2 67 0.864574 68 0.135426 
2 67 0.860891 68 0.139109 
2 67 0.924930 68 0.075070 
2 67 0.927035 68 0.072965 
2 67 0.894544 68 0.105456 
2 67 0.941895 68 0.058105 
2 67 0.268110 68 0.731890 
2 67 0.183729 68 0.816271 
2 67 0.155577 68 0.844423 
2 67 0.273418 68 0.726582 
2 67 0.535431 68 0.464569 
2 67 0.537667 68 0.462333 
2 67 0.766604 68 0.233396 
2 67 0.766402 68 0.233598 
2 67 0.860397 68 0.139603 
2 67 0.908266 68 0.091734 
2 67 0.102889 68 0.897111 
2 67 0.140673 68 0.859327 
2 67 0.107637 68 0.892363 
2 67 0.166540 68 0.833460 
2 67 0.125515 68 0.874485 
2 67 0.144403 68 0.855597 
3 67 0.017063 68 0.980367 69 0.002570 
3 67 0.014525 68 0.982442 69 0.003033 
3 67 0.025900 68 0.972622 69 0.001479 
2 67 0.058807 68 0.941193 
2 67 0.088314 68 0.911686 
2 67 0.047832 68 0.952168 
2 67 0.139475 68 0.860525 
2 67 0.159524 68 0.840476 
3 67 0.032714 68 0.966138 69 0.001148 
3 67 0.020035 68 0.977824 69 0.002140 
3 67 0.030608 68 0.968126 69 0.001266 
3 67 0.023036 68 0.975258 69 0.001705 
2 67 0.056163 68 0.943837 
2 67 0.118403 68 0.881597 
3 67 0.016854 68 0.980581 69 0.002565 
2 67 0.125515 68 0.874485 
2 67 0.107637 68 0.892363 
2 67 0.102889 68 0.897111 
2 67 0.144403 68 0.855597 
