# 1st line: vertCount boneCount maxInfluences
# Each subsequent line corresponds to a vertex.
# In each line, the first number is the number of bone influences for the vertex.
# The next numbers are "influence" pairs of {bone index, bone weight}.
145 72 3
3 0 0.010524 58 0.983459 59 0.006017 
3 0 0.005834 58 0.852742 59 0.141423 
2 0 0.010959 58 0.989041 
3 0 0.003117 58 0.616782 59 0.380101 
2 58 0.419693 59 0.580307 
2 58 0.400000 59 0.600000 
2 58 0.400000 59 0.600000 
3 0 0.002492 58 0.591022 59 0.406485 
3 0 0.004921 58 0.845079 59 0.150000 
2 0 0.009264 58 0.990736 
1 0 1.000000 
1 0 1.000000 
1 0 1.000000 
1 0 1.000000 
1 0 1.000000 
1 0 1.000000 
2 0 0.984285 57 0.015715 
1 0 1.000000 
2 0 0.437513 57 0.562487 
2 0 0.473636 57 0.526364 
2 0 0.425198 57 0.574802 
2 0 0.021554 58 0.978446 
3 0 0.043974 57 0.001181 58 0.954845 
2 0 0.026213 58 0.973787 
2 0 0.246061 57 0.753939 
2 0 0.166265 57 0.833735 
3 0 0.182504 57 0.797131 58 0.020365 
2 0 0.490422 57 0.509578 
2 0 0.995235 57 0.004765 
1 0 1.000000 
2 0 0.458487 57 0.541513 
2 0 0.014113 58 0.985887 
2 0 0.055179 58 0.944821 
2 0 0.030319 58 0.969681 
2 0 0.011402 58 0.988598 
2 0 0.302194 57 0.697806 
2 0 0.200769 57 0.799231 
2 0 0.458487 57 0.541513 
1 0 1.000000 
1 0 1.000000 
2 0 0.418952 57 0.581048 
2 0 0.011402 58 0.988598 
2 0 0.030319 58 0.969681 
2 0 0.019770 58 0.980230 
2 0 0.009582 58 0.990418 
2 0 0.200769 57 0.799231 
2 0 0.158794 57 0.841206 
3 0 0.006049 58 0.846772 59 0.147179 
2 0 0.011402 58 0.988598 
3 0 0.004982 58 0.852079 59 0.142938 
3 0 0.009341 58 0.986223 59 0.004436 
2 0 0.009582 58 0.990418 
3 0 0.004924 58 0.847898 59 0.147179 
3 0 0.003287 58 0.605353 59 0.391360 
3 0 0.002455 58 0.610705 59 0.386840 
3 0 0.002432 58 0.602225 59 0.395343 
2 58 0.418428 59 0.581572 
2 58 0.422865 59 0.577135 
2 58 0.418061 59 0.581939 
2 58 0.400000 59 0.600000 
2 58 0.400000 59 0.600000 
2 58 0.400000 59 0.600000 
2 58 0.400000 59 0.600000 
2 58 0.400000 59 0.600000 
2 58 0.400000 59 0.600000 
3 0 0.003123 58 0.590636 59 0.406240 
3 0 0.002149 58 0.587639 59 0.410212 
3 0 0.002276 58 0.587245 59 0.410479 
3 0 0.005946 58 0.844054 59 0.150000 
3 0 0.004596 58 0.845404 59 0.150000 
3 0 0.004834 58 0.845166 59 0.150000 
2 0 0.009035 58 0.990965 
1 0 1.000000 
1 0 1.000000 
1 0 1.000000 
1 0 1.000000 
1 0 1.000000 
1 0 1.000000 
1 0 1.000000 
1 0 1.000000 
1 0 1.000000 
1 0 1.000000 
1 0 1.000000 
1 0 1.000000 
1 0 1.000000 
1 0 1.000000 
1 0 1.000000 
1 0 1.000000 
2 0 0.988840 57 0.011160 
1 0 1.000000 
1 0 1.000000 
2 0 0.439485 57 0.560515 
2 0 0.403928 57 0.596072 
2 0 0.399769 57 0.600231 
2 0 0.408303 57 0.591697 
2 0 0.017642 58 0.982358 
2 0 0.029501 58 0.970499 
2 0 0.018681 58 0.981319 
2 0 0.019367 58 0.980633 
2 0 0.149525 57 0.850475 
2 0 0.200768 57 0.799232 
3 0 0.154295 57 0.830806 58 0.014900 
2 0 0.158794 57 0.841206 
3 0 0.154295 57 0.830806 58 0.014900 
2 0 0.158794 57 0.841206 
3 0 0.005834 58 0.852742 59 0.141423 
3 0 0.010524 58 0.983459 59 0.006017 
3 0 0.006049 58 0.846772 59 0.147179 
2 0 0.011402 58 0.988598 
3 0 0.003117 58 0.616782 59 0.380101 
3 0 0.003287 58 0.605353 59 0.391360 
2 58 0.419693 59 0.580307 
2 58 0.418428 59 0.581572 
2 58 0.400000 59 0.600000 
2 58 0.400000 59 0.600000 
2 58 0.400000 59 0.600000 
2 58 0.400000 59 0.600000 
3 0 0.002492 58 0.591022 59 0.406485 
3 0 0.003123 58 0.590636 59 0.406240 
3 0 0.004921 58 0.845079 59 0.150000 
3 0 0.005946 58 0.844054 59 0.150000 
2 0 0.009264 58 0.990736 
1 0 1.000000 
1 0 1.000000 
1 0 1.000000 
1 0 1.000000 
1 0 1.000000 
1 0 1.000000 
1 0 1.000000 
1 0 1.000000 
1 0 1.000000 
1 0 1.000000 
2 0 0.984285 57 0.015715 
1 0 1.000000 
1 0 1.000000 
2 0 0.437513 57 0.562487 
2 0 0.439485 57 0.560515 
2 0 0.425198 57 0.574802 
2 0 0.021554 58 0.978446 
2 0 0.026213 58 0.973787 
2 0 0.029501 58 0.970499 
2 0 0.166265 57 0.833735 
3 0 0.182504 57 0.797131 58 0.020365 
2 0 0.200768 57 0.799232 
3 0 0.182504 57 0.797131 58 0.020365 
