# 1st line: vertCount boneCount maxInfluences
# Each subsequent line corresponds to a vertex.
# In each line, the first number is the number of bone influences for the vertex.
# The next numbers are "influence" pairs of {bone index, bone weight}.
215 72 3
2 62 0.998019 63 0.001981 
2 62 0.998382 63 0.001618 
2 62 0.998541 63 0.001459 
2 62 0.998372 63 0.001628 
2 62 0.995642 63 0.004358 
2 62 0.990735 63 0.009265 
2 62 0.982497 63 0.017503 
2 62 0.990824 63 0.009176 
2 62 0.972117 63 0.027883 
2 62 0.981859 63 0.018141 
2 62 0.997387 63 0.002613 
2 62 0.994231 63 0.005769 
2 62 0.995718 63 0.004282 
2 62 0.996607 63 0.003393 
2 62 0.992119 63 0.007881 
2 62 0.996112 63 0.003888 
2 62 0.986726 63 0.013274 
2 62 0.997925 63 0.002075 
2 62 0.963625 63 0.036375 
2 62 0.964899 63 0.035101 
2 62 0.968651 63 0.031349 
2 62 0.966778 63 0.033222 
2 62 0.960169 63 0.039831 
2 62 0.998101 63 0.001899 
2 62 0.998464 63 0.001536 
2 62 0.994757 63 0.005243 
2 62 0.989558 63 0.010442 
2 62 0.980978 63 0.019022 
2 62 0.989083 63 0.010917 
2 62 0.975938 63 0.024062 
2 62 0.971153 63 0.028847 
2 62 0.993818 63 0.006182 
2 62 0.997338 63 0.002662 
2 62 0.995505 63 0.004495 
2 62 0.995544 63 0.004456 
2 62 0.991522 63 0.008478 
2 62 0.982074 63 0.017926 
2 62 0.997791 63 0.002209 
2 62 0.963206 63 0.036794 
2 62 0.963087 63 0.036913 
2 62 0.974671 63 0.025329 
2 62 0.975302 63 0.024698 
2 62 0.260189 63 0.739811 
2 62 0.264160 63 0.735840 
2 62 0.384062 63 0.615938 
2 62 0.380892 63 0.619108 
2 62 0.390300 63 0.609700 
2 62 0.278173 63 0.721827 
2 62 0.300844 63 0.699156 
2 62 0.403843 63 0.596157 
2 62 0.648680 63 0.351320 
2 62 0.660419 63 0.339581 
2 62 0.866549 63 0.133451 
2 62 0.844916 63 0.155084 
2 62 0.674416 63 0.325584 
2 62 0.871253 63 0.128747 
2 62 0.869163 63 0.130837 
2 62 0.668967 63 0.331033 
2 62 0.938655 63 0.061345 
2 62 0.931894 63 0.068106 
2 62 0.959927 63 0.040073 
2 62 0.959604 63 0.040396 
2 62 0.942903 63 0.057097 
2 62 0.946789 63 0.053211 
2 62 0.965189 63 0.034811 
2 62 0.965378 63 0.034622 
2 62 0.408567 63 0.591433 
2 62 0.300655 63 0.699345 
2 62 0.321336 63 0.678664 
2 62 0.420766 63 0.579234 
2 62 0.678409 63 0.321591 
2 62 0.679268 63 0.320732 
2 62 0.871377 63 0.128623 
2 62 0.870368 63 0.129632 
2 62 0.927762 63 0.072238 
2 62 0.953946 63 0.046054 
2 62 0.935329 63 0.064671 
2 62 0.931442 63 0.068558 
2 62 0.930262 63 0.069738 
2 62 0.926107 63 0.073893 
2 62 0.190089 63 0.809911 
2 62 0.195289 63 0.804711 
2 62 0.239119 63 0.760881 
2 62 0.252661 63 0.747339 
2 62 0.211492 63 0.788508 
2 62 0.258688 63 0.741312 
2 62 0.248505 63 0.751495 
2 62 0.273056 63 0.726944 
2 62 0.930262 63 0.069738 
2 62 0.926107 63 0.073893 
2 62 0.964899 63 0.035101 
2 62 0.963625 63 0.036375 
2 62 0.931442 63 0.068558 
2 62 0.935329 63 0.064671 
2 62 0.968651 63 0.031349 
2 62 0.966778 63 0.033222 
2 62 0.403843 63 0.596157 
2 62 0.300844 63 0.699156 
2 62 0.304903 63 0.695097 
2 62 0.416033 63 0.583967 
2 62 0.674416 63 0.325584 
2 62 0.675821 63 0.324179 
2 62 0.874915 63 0.125085 
2 62 0.871253 63 0.128747 
2 62 0.932847 63 0.067153 
2 62 0.960169 63 0.039831 
2 62 0.183971 63 0.816029 
2 62 0.178025 63 0.821975 
2 62 0.264160 63 0.735840 
2 62 0.260189 63 0.739811 
2 62 0.196416 63 0.803584 
2 62 0.278173 63 0.721827 
2 62 0.226852 63 0.773148 
2 62 0.249778 63 0.750222 
3 62 0.036229 63 0.961786 64 0.001985 
3 62 0.034402 63 0.963439 64 0.002159 
3 62 0.031639 63 0.966031 64 0.002330 
3 62 0.031202 63 0.966457 64 0.002341 
3 62 0.055667 63 0.943313 64 0.001020 
2 62 0.105403 63 0.894597 
2 62 0.155581 63 0.844419 
2 62 0.097548 63 0.902452 
2 62 0.224555 63 0.775445 
2 62 0.266953 63 0.733047 
2 62 0.067841 63 0.932159 
3 62 0.042137 63 0.956271 64 0.001592 
3 62 0.060068 63 0.938761 64 0.001171 
3 62 0.053174 63 0.945407 64 0.001419 
3 62 0.047986 63 0.950806 64 0.001208 
2 62 0.103412 63 0.896588 
2 62 0.176170 63 0.823830 
3 62 0.037318 63 0.960847 64 0.001835 
2 62 0.226852 63 0.773148 
2 62 0.196416 63 0.803584 
2 62 0.178025 63 0.821975 
2 62 0.183971 63 0.816029 
2 62 0.249778 63 0.750222 
2 62 0.370473 63 0.629527 
2 62 0.242873 63 0.757127 
2 62 0.371709 63 0.628291 
2 62 0.357844 63 0.642156 
2 62 0.258608 63 0.741392 
2 62 0.257587 63 0.742413 
2 62 0.871812 63 0.128188 
2 62 0.650542 63 0.349458 
2 62 0.631449 63 0.368551 
2 62 0.629797 63 0.370203 
2 62 0.847495 63 0.152505 
2 62 0.836111 63 0.163889 
2 62 0.938719 63 0.061281 
2 62 0.958642 63 0.041358 
2 62 0.955637 63 0.044363 
2 62 0.919043 63 0.080957 
2 62 0.968899 63 0.031101 
2 62 0.949725 63 0.050275 
2 62 0.360666 63 0.639334 
2 62 0.356203 63 0.643797 
2 62 0.262087 63 0.737913 
2 62 0.254846 63 0.745154 
2 62 0.628787 63 0.371213 
2 62 0.622527 63 0.377473 
2 62 0.841216 63 0.158784 
2 62 0.848728 63 0.151272 
2 62 0.952335 63 0.047665 
2 62 0.918272 63 0.081728 
2 62 0.938990 63 0.061010 
2 62 0.924733 63 0.075267 
2 62 0.915834 63 0.084166 
2 62 0.244041 63 0.755959 
2 62 0.181531 63 0.818469 
2 62 0.242218 63 0.757782 
2 62 0.194755 63 0.805245 
2 62 0.201613 63 0.798387 
2 62 0.211647 63 0.788353 
2 62 0.924733 63 0.075267 
2 62 0.915834 63 0.084166 
2 62 0.963206 63 0.036794 
2 62 0.963087 63 0.036913 
2 62 0.938990 63 0.061010 
2 62 0.974671 63 0.025329 
2 62 0.357844 63 0.642156 
2 62 0.258608 63 0.741392 
2 62 0.264187 63 0.735813 
2 62 0.349174 63 0.650826 
2 62 0.631449 63 0.368551 
2 62 0.611164 63 0.388836 
2 62 0.855639 63 0.144361 
2 62 0.836111 63 0.163889 
2 62 0.923487 63 0.076513 
2 62 0.975302 63 0.024698 
2 62 0.174087 63 0.825913 
2 62 0.242873 63 0.757127 
2 62 0.180324 63 0.819676 
2 62 0.257587 63 0.742413 
2 62 0.190217 63 0.809783 
2 62 0.194558 63 0.805442 
3 62 0.032109 63 0.965677 64 0.002214 
3 62 0.027661 63 0.969745 64 0.002594 
2 62 0.039137 63 0.960863 
2 62 0.075431 63 0.924569 
2 62 0.113146 63 0.886854 
2 62 0.073774 63 0.926226 
2 62 0.198156 63 0.801844 
2 62 0.171186 63 0.828814 
3 62 0.034083 63 0.964351 64 0.001566 
2 62 0.057994 63 0.942006 
3 62 0.054648 63 0.944089 64 0.001263 
2 62 0.052528 63 0.947472 
3 62 0.035591 63 0.963405 64 0.001003 
2 62 0.138420 63 0.861580 
3 62 0.028837 63 0.969341 64 0.001822 
2 62 0.180324 63 0.819676 
2 62 0.190217 63 0.809783 
2 62 0.174087 63 0.825913 
2 62 0.194558 63 0.805442 
