# 1st line: vertCount boneCount maxInfluences
# Each subsequent line corresponds to a vertex.
# In each line, the first number is the number of bone influences for the vertex.
# The next numbers are "influence" pairs of {bone index, bone weight}.
838 72 4
1 10 1.000000 
3 3 0.030266 9 0.073116 10 0.896618 
3 3 0.032776 9 0.078654 10 0.888569 
1 10 1.000000 
3 3 0.075495 9 0.119401 10 0.805104 
3 3 0.073923 9 0.169609 10 0.756468 
3 3 0.076412 9 0.253599 10 0.669989 
3 3 0.038028 9 0.155356 10 0.806616 
2 9 0.042574 10 0.957426 
1 10 1.000000 
3 3 0.023639 9 0.065310 10 0.911051 
3 3 0.030164 9 0.045237 10 0.924600 
1 10 1.000000 
3 3 0.071934 9 0.210938 10 0.717128 
3 3 0.080355 9 0.153242 10 0.766402 
1 10 1.000000 
2 9 0.146054 10 0.853946 
3 3 0.017175 9 0.103725 10 0.879100 
1 10 1.000000 
3 3 0.057571 9 0.257191 10 0.685238 
3 3 0.060089 9 0.258731 10 0.681180 
1 10 1.000000 
2 9 0.152744 10 0.847256 
3 3 0.069856 9 0.282537 10 0.647607 
2 9 0.104942 10 0.895057 
3 3 0.022602 9 0.425357 10 0.552041 
3 3 0.109174 9 0.501133 10 0.389693 
2 9 0.091422 10 0.908578 
3 3 0.047811 9 0.374182 10 0.578007 
3 3 0.022602 9 0.425357 10 0.552041 
2 9 0.104942 10 0.895057 
3 3 0.157302 9 0.642698 10 0.200000 
3 3 0.164609 9 0.635391 10 0.200000 
2 9 0.046762 10 0.953238 
3 3 0.061657 9 0.315092 10 0.623251 
3 3 0.157302 9 0.642698 10 0.200000 
3 3 0.096561 9 0.433524 10 0.469915 
2 10 0.584477 11 0.415523 
2 10 0.591095 11 0.408905 
2 10 0.854475 11 0.145525 
2 10 0.863686 11 0.136314 
2 10 0.613210 11 0.386790 
2 10 0.877977 11 0.122023 
2 10 0.970045 11 0.029955 
2 10 0.966225 11 0.033775 
2 10 0.969138 11 0.030862 
2 10 0.665457 11 0.334543 
2 10 0.962514 11 0.037486 
2 10 0.905655 11 0.094345 
2 10 0.657020 11 0.342980 
2 10 0.988817 11 0.011183 
2 10 0.977292 11 0.022708 
2 10 0.692584 11 0.307416 
2 10 0.971284 11 0.028716 
2 10 0.962220 11 0.037780 
2 10 0.675832 11 0.324168 
2 10 0.993495 11 0.006505 
2 10 0.991151 11 0.008849 
2 10 0.707082 11 0.292918 
2 10 0.956865 11 0.043135 
2 10 0.991183 11 0.008817 
2 10 0.654263 11 0.345737 
2 10 0.918733 11 0.081267 
2 10 0.978731 11 0.021269 
2 10 0.918733 11 0.081267 
2 10 0.654263 11 0.345737 
2 10 0.644128 11 0.355872 
2 10 0.887436 11 0.112564 
2 10 0.973708 11 0.026292 
2 10 0.978731 11 0.021269 
2 10 0.546158 11 0.453842 
2 10 0.873148 11 0.126852 
2 10 0.971328 11 0.028672 
2 10 0.002975 11 0.997025 
1 11 1.000000 
2 10 0.022408 11 0.977592 
2 10 0.016324 11 0.983676 
2 10 0.002152 11 0.997848 
2 10 0.017487 11 0.982513 
2 10 0.007610 11 0.992390 
2 10 0.030865 11 0.969135 
2 10 0.027043 11 0.972956 
2 10 0.007277 11 0.992723 
2 10 0.004557 11 0.995443 
2 10 0.031953 11 0.968047 
2 10 0.032091 11 0.967909 
2 10 0.006826 11 0.993174 
2 10 0.004248 11 0.995752 
2 10 0.029726 11 0.970274 
2 10 0.004019 11 0.995981 
2 10 0.023281 11 0.976719 
2 10 0.004019 11 0.995981 
1 11 1.000000 
2 10 0.015016 11 0.984984 
2 10 0.023281 11 0.976719 
2 10 0.002600 11 0.997400 
2 10 0.014934 11 0.985066 
1 12 1.000000 
1 12 1.000000 
1 12 1.000000 
1 12 1.000000 
2 11 0.050000 12 0.950000 
2 11 0.050000 12 0.950000 
2 11 0.050000 12 0.950000 
1 12 1.000000 
1 12 1.000000 
1 12 1.000000 
1 12 1.000000 
1 12 1.000000 
1 12 1.000000 
2 11 0.050000 12 0.950000 
2 11 0.050000 12 0.950000 
1 12 1.000000 
1 12 1.000000 
1 12 1.000000 
1 12 1.000000 
2 11 0.050000 12 0.950000 
2 11 0.050000 12 0.950000 
1 12 1.000000 
1 12 1.000000 
1 12 1.000000 
1 12 1.000000 
2 11 0.050000 12 0.950000 
2 11 0.050000 12 0.950000 
1 12 1.000000 
1 12 1.000000 
1 12 1.000000 
1 12 1.000000 
2 11 0.050000 12 0.950000 
2 11 0.050000 12 0.950000 
2 11 0.050000 12 0.950000 
1 12 1.000000 
1 12 1.000000 
2 29 0.150000 30 0.850000 
3 29 0.150000 30 0.788438 31 0.061562 
3 12 0.100000 29 0.596343 30 0.303657 
3 12 0.100000 29 0.511794 30 0.388205 
3 29 0.150000 30 0.762675 31 0.087325 
3 12 0.095014 29 0.643206 30 0.261781 
3 11 0.050000 12 0.508288 29 0.441712 
3 11 0.045317 12 0.397667 29 0.557016 
3 11 0.050000 12 0.469503 29 0.480497 
1 12 1.000000 
3 12 0.825030 13 0.064464 25 0.110506 
2 12 0.894560 13 0.105440 
1 12 1.000000 
3 12 0.332056 13 0.290930 25 0.377014 
2 12 0.437583 13 0.562417 
3 12 0.301995 13 0.336601 17 0.361404 
3 12 0.883000 13 0.060750 17 0.056251 
1 12 1.000000 
1 12 1.000000 
3 12 0.826050 17 0.073731 21 0.100219 
2 12 0.911595 21 0.088405 
1 12 1.000000 
3 12 0.231080 17 0.318563 21 0.450357 
2 12 0.427099 21 0.572900 
2 12 0.302667 21 0.697333 
2 12 0.885691 21 0.114309 
1 12 1.000000 
2 12 0.387450 21 0.612550 
2 12 0.897196 21 0.102804 
2 12 0.495993 21 0.504007 
2 12 0.899693 21 0.100307 
1 12 1.000000 
1 12 1.000000 
2 12 0.495993 21 0.504007 
2 12 0.290143 21 0.709857 
2 12 0.834685 21 0.165315 
2 12 0.899693 21 0.100307 
3 12 0.103554 17 0.142683 21 0.753763 
2 12 0.792851 21 0.207149 
1 12 1.000000 
1 12 1.000000 
1 12 1.000000 
2 12 0.324908 17 0.675092 
2 12 0.896303 17 0.103697 
3 12 0.174908 13 0.303885 17 0.521208 
3 12 0.853678 13 0.056878 17 0.089444 
2 12 0.912214 29 0.087786 
1 12 1.000000 
1 15 1.000000 
1 15 1.000000 
1 15 1.000000 
1 15 1.000000 
1 15 1.000000 
1 15 1.000000 
1 15 1.000000 
1 15 1.000000 
1 15 1.000000 
2 12 0.487881 29 0.512119 
2 12 0.431255 29 0.568745 
3 12 0.100000 29 0.628457 30 0.271543 
3 12 0.150000 29 0.506927 30 0.343073 
3 29 0.100000 30 0.834789 31 0.065211 
2 29 0.050001 30 0.949999 
1 31 1.000000 
1 31 1.000000 
1 31 1.000000 
1 31 1.000000 
1 31 1.000000 
1 31 1.000000 
1 31 1.000000 
1 31 1.000000 
1 31 1.000000 
2 12 0.669580 29 0.330420 
3 12 0.274315 29 0.475652 30 0.250033 
3 12 0.150000 29 0.440518 30 0.409482 
2 12 0.570730 29 0.429270 
2 29 0.146658 30 0.853342 
2 29 0.200000 30 0.800000 
2 29 0.150000 30 0.850000 
3 12 0.100000 29 0.511794 30 0.388205 
3 11 0.050000 12 0.469503 29 0.480497 
1 12 1.000000 
1 12 1.000000 
1 12 1.000000 
1 12 1.000000 
1 12 1.000000 
1 12 1.000000 
1 12 1.000000 
1 12 1.000000 
1 19 1.000000 
1 19 1.000000 
1 19 1.000000 
1 19 1.000000 
1 19 1.000000 
1 19 1.000000 
1 19 1.000000 
1 19 1.000000 
1 19 1.000000 
2 12 0.913686 17 0.086314 
1 12 1.000000 
2 12 0.371818 17 0.628182 
1 12 1.000000 
1 12 1.000000 
1 12 1.000000 
1 12 1.000000 
3 12 0.797673 25 0.078401 29 0.123926 
2 12 0.683552 25 0.316448 
2 12 0.811481 25 0.188519 
3 12 0.940617 25 0.036752 29 0.022631 
2 12 0.233628 25 0.766372 
2 12 0.310684 25 0.689316 
1 27 1.000000 
1 27 1.000000 
1 27 1.000000 
1 27 1.000000 
1 27 1.000000 
1 27 1.000000 
1 27 1.000000 
1 27 1.000000 
1 27 1.000000 
1 23 1.000000 
1 23 1.000000 
1 23 1.000000 
1 23 1.000000 
1 23 1.000000 
1 23 1.000000 
1 23 1.000000 
1 23 1.000000 
1 23 1.000000 
2 13 0.504875 14 0.495125 
1 13 1.000000 
1 13 1.000000 
2 13 0.460240 14 0.539760 
1 13 1.000000 
2 13 0.421223 14 0.578777 
2 13 0.511036 14 0.488964 
1 13 1.000000 
1 13 1.000000 
2 13 0.455997 14 0.544003 
3 12 0.174908 13 0.303885 17 0.521208 
3 12 0.089388 13 0.318875 17 0.591738 
2 13 0.509866 14 0.490133 
1 13 1.000000 
1 13 1.000000 
2 13 0.519731 14 0.480269 
3 12 0.160904 13 0.225099 25 0.613997 
2 12 0.354353 13 0.645647 
1 13 1.000000 
2 13 0.511036 14 0.488964 
1 13 1.000000 
2 13 0.393563 14 0.606437 
2 13 0.445085 25 0.554915 
3 12 0.160904 13 0.225099 25 0.613997 
1 13 1.000000 
2 13 0.509866 14 0.490133 
2 17 0.659599 18 0.340401 
2 17 0.912043 18 0.087957 
2 17 0.911396 18 0.088604 
2 17 0.693619 18 0.306381 
2 17 0.908353 18 0.091647 
2 17 0.643246 18 0.356754 
2 17 0.456720 18 0.543280 
2 17 0.846108 18 0.153892 
2 17 0.829771 18 0.170229 
2 17 0.501698 18 0.498302 
2 17 0.912043 18 0.087957 
2 17 0.659599 18 0.340401 
2 17 0.465667 18 0.534333 
2 17 0.856060 18 0.143940 
2 17 0.886642 18 0.113358 
2 17 0.444347 18 0.555653 
2 17 0.643246 18 0.356754 
2 17 0.908353 18 0.091647 
2 17 0.877255 18 0.122745 
2 17 0.485770 18 0.514230 
3 12 0.103554 17 0.142683 21 0.753763 
2 17 0.339112 21 0.660888 
2 25 0.514994 26 0.485006 
2 25 0.778988 26 0.221012 
2 25 0.783453 26 0.216548 
2 25 0.524899 26 0.475101 
2 25 0.874547 26 0.125453 
2 25 0.420871 26 0.579129 
2 25 0.555709 26 0.444291 
2 25 0.867592 26 0.132408 
2 25 0.866729 26 0.133271 
2 25 0.537339 26 0.462661 
2 25 0.332634 26 0.667366 
2 25 0.895803 26 0.104197 
2 25 0.887617 26 0.112383 
2 25 0.206654 26 0.793346 
2 12 0.161644 25 0.838356 
2 12 0.164992 25 0.835007 
2 25 0.867592 26 0.132408 
2 25 0.555709 26 0.444291 
1 25 1.000000 
2 25 0.440762 26 0.559238 
2 12 0.167217 25 0.832783 
2 12 0.161644 25 0.838356 
2 25 0.895803 26 0.104197 
2 25 0.332634 26 0.667366 
2 21 0.540171 22 0.459829 
2 21 0.899988 22 0.100012 
2 21 0.920721 22 0.079279 
2 21 0.514932 22 0.485068 
2 21 0.932947 22 0.067053 
2 21 0.521109 22 0.478891 
2 21 0.575966 22 0.424034 
2 21 0.938438 22 0.061562 
2 21 0.910165 22 0.089835 
2 21 0.588973 22 0.411027 
2 21 0.899988 22 0.100012 
2 21 0.540171 22 0.459829 
2 21 0.517257 22 0.482743 
2 21 0.870985 22 0.129015 
2 21 0.888363 22 0.111637 
2 21 0.570089 22 0.429911 
2 21 0.938438 22 0.061562 
2 21 0.575966 22 0.424034 
2 21 0.919344 22 0.080656 
2 21 0.524911 22 0.475089 
2 14 0.486933 15 0.513067 
2 14 0.468635 15 0.531365 
2 13 0.065653 14 0.934347 
2 13 0.069205 14 0.930795 
2 14 0.460922 15 0.539078 
2 13 0.094418 14 0.905582 
2 14 0.477366 15 0.522634 
2 13 0.076478 14 0.923522 
2 14 0.566187 15 0.433813 
2 13 0.084868 14 0.915132 
2 14 0.525527 15 0.474473 
2 13 0.115370 14 0.884630 
2 13 0.073287 14 0.926713 
2 14 0.548231 15 0.451769 
2 13 0.084868 14 0.915132 
2 14 0.566187 15 0.433813 
2 13 0.055324 14 0.944676 
2 14 0.585504 15 0.414496 
2 13 0.115370 14 0.884630 
2 14 0.525527 15 0.474473 
2 18 0.493546 19 0.506454 
3 17 0.096792 18 0.880238 19 0.022970 
3 17 0.107038 18 0.864395 19 0.028567 
2 18 0.421257 19 0.578743 
3 17 0.102030 18 0.871216 19 0.026754 
2 18 0.466095 19 0.533905 
2 18 0.541459 19 0.458541 
3 17 0.039545 18 0.943927 19 0.016528 
3 17 0.065466 18 0.907874 19 0.026659 
2 18 0.506541 19 0.493459 
3 17 0.096792 18 0.880238 19 0.022970 
2 18 0.493546 19 0.506454 
2 18 0.496941 19 0.503059 
3 17 0.046129 18 0.932849 19 0.021021 
2 18 0.566058 19 0.433942 
3 17 0.055478 18 0.921419 19 0.023102 
2 18 0.607181 19 0.392819 
3 17 0.062907 18 0.916290 19 0.020803 
2 18 0.466095 19 0.533905 
3 17 0.102030 18 0.871216 19 0.026754 
1 26 1.000000 
1 26 1.000000 
2 26 0.500000 27 0.500000 
2 26 0.500000 27 0.500000 
2 26 0.500000 27 0.500000 
1 26 1.000000 
1 27 1.000000 
1 27 1.000000 
1 27 1.000000 
2 26 0.500000 27 0.500000 
2 26 0.500000 27 0.500000 
1 27 1.000000 
1 27 1.000000 
1 27 1.000000 
1 27 1.000000 
1 27 1.000000 
1 27 1.000000 
2 26 0.500000 27 0.500000 
2 26 0.500000 27 0.500000 
2 26 0.500000 27 0.500000 
1 26 1.000000 
1 26 1.000000 
2 26 0.500000 27 0.500000 
2 26 0.500000 27 0.500000 
2 22 0.409184 23 0.590816 
3 21 0.141942 22 0.746102 23 0.111956 
3 21 0.083610 22 0.842518 23 0.073872 
2 22 0.478770 23 0.521230 
3 21 0.097621 22 0.845558 23 0.056821 
2 22 0.524448 23 0.475552 
2 22 0.409184 23 0.590816 
2 22 0.356178 23 0.643822 
3 21 0.164681 22 0.719890 23 0.115429 
3 21 0.141942 22 0.746102 23 0.111956 
2 22 0.459498 23 0.540502 
3 21 0.086438 22 0.826313 23 0.087248 
2 22 0.473360 23 0.526640 
3 21 0.084225 22 0.827610 23 0.088164 
3 21 0.070895 22 0.867138 23 0.061967 
2 22 0.473827 23 0.526173 
3 21 0.086438 22 0.826313 23 0.087248 
2 22 0.459498 23 0.540502 
2 22 0.502516 23 0.497484 
3 21 0.107287 22 0.827763 23 0.064950 
1 15 1.000000 
1 15 1.000000 
1 15 1.000000 
1 15 1.000000 
1 15 1.000000 
1 15 1.000000 
1 15 1.000000 
1 15 1.000000 
1 15 1.000000 
1 15 1.000000 
1 15 1.000000 
1 15 1.000000 
1 15 1.000000 
2 18 0.064735 19 0.935265 
2 18 0.070268 19 0.929732 
1 19 1.000000 
1 19 1.000000 
1 19 1.000000 
2 18 0.076882 19 0.923118 
2 18 0.076882 19 0.923118 
2 18 0.116097 19 0.883903 
2 18 0.109231 19 0.890769 
2 18 0.124780 19 0.875220 
2 18 0.181390 19 0.818610 
2 18 0.166363 19 0.833637 
2 18 0.064735 19 0.935265 
2 22 0.053433 23 0.946567 
1 23 1.000000 
1 23 1.000000 
1 23 1.000000 
1 23 1.000000 
1 23 1.000000 
1 23 1.000000 
1 23 1.000000 
1 23 1.000000 
1 23 1.000000 
1 23 1.000000 
2 22 0.074074 23 0.925926 
2 22 0.075991 23 0.924009 
2 11 0.150000 12 0.850000 
3 11 0.050000 12 0.713430 29 0.236570 
2 11 0.150000 12 0.850000 
2 11 0.150000 12 0.850000 
2 11 0.150000 12 0.850000 
2 11 0.150000 12 0.850000 
2 11 0.150000 12 0.850000 
2 11 0.150000 12 0.850000 
2 11 0.150000 12 0.850000 
2 11 0.150000 12 0.850000 
2 11 0.150000 12 0.850000 
2 11 0.150000 12 0.850000 
2 11 0.150000 12 0.850000 
2 11 0.050000 12 0.950000 
2 11 0.150000 12 0.850000 
2 11 0.150000 12 0.850000 
2 29 0.122248 30 0.877752 
2 30 0.558081 31 0.441919 
2 30 0.530411 31 0.469589 
2 29 0.050001 30 0.949999 
2 30 0.574623 31 0.425377 
1 31 1.000000 
1 31 1.000000 
1 31 1.000000 
1 31 1.000000 
2 30 0.503425 31 0.496575 
2 30 0.520000 31 0.480000 
1 31 1.000000 
1 31 1.000000 
2 30 0.526890 31 0.473110 
2 30 0.518779 31 0.481221 
1 31 1.000000 
2 30 0.503425 31 0.496575 
1 31 1.000000 
1 31 1.000000 
2 30 0.574623 31 0.425377 
2 30 0.477153 31 0.522847 
1 31 1.000000 
1 31 1.000000 
1 31 1.000000 
1 31 1.000000 
1 31 1.000000 
1 31 1.000000 
1 31 1.000000 
1 31 1.000000 
1 31 1.000000 
1 31 1.000000 
1 31 1.000000 
1 31 1.000000 
1 31 1.000000 
1 31 1.000000 
1 31 1.000000 
1 31 1.000000 
2 12 0.847808 29 0.152192 
2 12 0.890133 29 0.109867 
2 12 0.946188 29 0.053812 
2 12 0.706520 29 0.293480 
3 12 0.179026 29 0.440286 30 0.380688 
3 12 0.435401 29 0.314599 30 0.250000 
4 12 0.401801 25 0.096455 29 0.351744 30 0.150000 
4 12 0.548333 25 0.112543 29 0.189124 30 0.150000 
3 12 0.385689 29 0.180045 30 0.434267 
3 12 0.113266 29 0.353772 30 0.532962 
4 12 0.682881 25 0.031539 29 0.183031 30 0.102549 
4 12 0.517715 25 0.057309 29 0.274976 30 0.150000 
4 12 0.401801 25 0.096455 29 0.351744 30 0.150000 
3 12 0.179026 29 0.440286 30 0.380688 
3 12 0.458491 25 0.391509 29 0.150000 
3 12 0.554239 25 0.345761 29 0.100000 
4 12 0.672095 13 0.044203 25 0.183702 29 0.100000 
3 12 0.482085 25 0.367915 29 0.150000 
3 12 0.458491 25 0.391509 29 0.150000 
3 12 0.860625 13 0.089375 29 0.050000 
3 12 0.790254 29 0.159746 30 0.050000 
3 12 0.648982 29 0.147130 30 0.203888 
2 12 0.802701 29 0.197299 
1 12 1.000000 
1 12 1.000000 
1 12 1.000000 
2 10 0.099489 11 0.900511 
2 10 0.111207 11 0.888793 
2 10 0.295780 11 0.704220 
2 10 0.278412 11 0.721588 
2 10 0.122281 11 0.877719 
2 10 0.310609 11 0.689391 
2 10 0.306320 11 0.693680 
2 10 0.124332 11 0.875668 
2 10 0.137903 11 0.862097 
2 10 0.305915 11 0.694085 
2 10 0.308665 11 0.691335 
2 10 0.139830 11 0.860170 
2 10 0.135051 11 0.864949 
2 10 0.304528 11 0.695472 
2 10 0.132266 11 0.867734 
2 10 0.332296 11 0.667704 
2 10 0.123426 11 0.876574 
2 10 0.302836 11 0.697164 
2 10 0.302836 11 0.697164 
2 10 0.123426 11 0.876574 
2 10 0.101865 11 0.898135 
2 10 0.269790 11 0.730210 
2 10 0.241228 11 0.758772 
2 10 0.067215 11 0.932785 
3 3 0.115523 9 0.344939 10 0.539538 
3 3 0.123609 9 0.423316 10 0.453076 
3 3 0.121028 9 0.187736 10 0.691236 
3 3 0.147057 9 0.400087 10 0.452856 
3 3 0.139858 9 0.389860 10 0.470281 
3 3 0.134164 9 0.259627 10 0.606209 
3 3 0.136399 9 0.297767 10 0.565834 
3 3 0.185479 9 0.398621 10 0.415900 
3 3 0.162896 9 0.416864 10 0.420239 
3 3 0.108838 9 0.318883 10 0.572279 
3 3 0.153176 9 0.458084 10 0.388740 
3 3 0.103128 9 0.355719 10 0.541153 
3 3 0.145643 9 0.488517 10 0.365840 
3 3 0.110243 9 0.377508 10 0.512249 
3 3 0.154485 9 0.490987 10 0.354528 
1 10 1.000000 
1 10 1.000000 
1 10 1.000000 
1 10 1.000000 
1 10 1.000000 
1 10 1.000000 
1 10 1.000000 
1 10 1.000000 
1 10 1.000000 
1 10 1.000000 
1 10 1.000000 
1 10 1.000000 
2 10 0.045588 11 0.954412 
2 10 0.052395 11 0.947605 
2 10 0.042959 11 0.957041 
2 10 0.060608 11 0.939392 
2 10 0.068318 11 0.931682 
2 10 0.067923 11 0.932077 
2 10 0.066744 11 0.933257 
2 10 0.064122 11 0.935878 
2 10 0.054280 11 0.945720 
2 10 0.037876 11 0.962124 
2 10 0.054280 11 0.945720 
2 10 0.038441 11 0.961559 
1 27 1.000000 
1 27 1.000000 
1 27 1.000000 
1 26 1.000000 
1 26 1.000000 
1 26 1.000000 
1 26 1.000000 
1 26 1.000000 
1 27 1.000000 
3 3 0.162875 9 0.637125 10 0.200000 
3 3 0.162074 9 0.637926 10 0.200000 
3 3 0.159484 9 0.640516 10 0.200000 
3 3 0.170622 9 0.629378 10 0.200000 
3 3 0.169826 9 0.630174 10 0.200000 
3 3 0.157302 9 0.642698 10 0.200000 
3 3 0.157302 9 0.642698 10 0.200000 
3 3 0.175139 9 0.624861 10 0.200000 
3 3 0.157302 9 0.642698 10 0.200000 
3 3 0.163144 9 0.636856 10 0.200000 
3 3 0.164609 9 0.635391 10 0.200000 
1 11 1.000000 
1 11 1.000000 
1 11 1.000000 
1 11 1.000000 
1 11 1.000000 
1 11 1.000000 
1 11 1.000000 
1 11 1.000000 
1 11 1.000000 
1 11 1.000000 
1 11 1.000000 
1 11 1.000000 
1 11 1.000000 
1 11 1.000000 
1 11 1.000000 
1 11 1.000000 
1 11 1.000000 
1 11 1.000000 
1 11 1.000000 
1 11 1.000000 
1 11 1.000000 
1 11 1.000000 
1 11 1.000000 
1 11 1.000000 
2 11 0.850000 12 0.150000 
2 11 0.850000 12 0.150000 
1 11 1.000000 
1 11 1.000000 
2 11 0.850000 12 0.150000 
1 11 1.000000 
1 11 1.000000 
1 11 1.000000 
1 11 1.000000 
1 11 1.000000 
1 11 1.000000 
2 11 0.850000 12 0.150000 
2 11 0.850000 12 0.150000 
1 11 1.000000 
1 11 1.000000 
1 11 1.000000 
1 11 1.000000 
2 11 0.850000 12 0.150000 
2 11 0.850000 12 0.150000 
1 11 1.000000 
1 11 1.000000 
2 11 0.850000 12 0.150000 
1 11 1.000000 
1 11 1.000000 
2 11 0.850000 12 0.150000 
1 11 1.000000 
1 11 1.000000 
1 11 1.000000 
2 11 0.850000 12 0.150000 
2 11 0.850000 12 0.150000 
1 11 1.000000 
1 11 1.000000 
1 11 1.000000 
1 11 1.000000 
1 11 1.000000 
2 11 0.850000 12 0.150000 
2 11 0.150000 12 0.850000 
2 11 0.150000 12 0.850000 
2 11 0.600000 12 0.400000 
2 11 0.600000 12 0.400000 
2 11 0.150000 12 0.850000 
2 11 0.600000 12 0.400000 
2 11 0.150000 12 0.850000 
2 11 0.600000 12 0.400000 
2 11 0.150000 12 0.850000 
2 11 0.600000 12 0.400000 
2 11 0.150000 12 0.850000 
2 11 0.600000 12 0.400000 
2 11 0.150000 12 0.850000 
2 11 0.600000 12 0.400000 
2 11 0.150000 12 0.850000 
2 11 0.150000 12 0.850000 
2 11 0.600000 12 0.400000 
2 11 0.600000 12 0.400000 
2 11 0.150000 12 0.850000 
2 11 0.600000 12 0.400000 
2 11 0.150000 12 0.850000 
2 11 0.150000 12 0.850000 
2 11 0.600000 12 0.400000 
2 11 0.600000 12 0.400000 
2 11 0.150000 12 0.850000 
2 11 0.600000 12 0.400000 
2 11 0.600000 12 0.400000 
2 11 0.600000 12 0.400000 
2 11 0.600000 12 0.400000 
2 11 0.600000 12 0.400000 
2 11 0.600000 12 0.400000 
2 11 0.600000 12 0.400000 
2 11 0.600000 12 0.400000 
2 11 0.600000 12 0.400000 
2 11 0.600000 12 0.400000 
2 11 0.600000 12 0.400000 
2 11 0.600000 12 0.400000 
2 11 0.600000 12 0.400000 
2 11 0.600000 12 0.400000 
1 11 1.000000 
1 11 1.000000 
1 11 1.000000 
1 11 1.000000 
2 10 0.002975 11 0.997025 
2 10 0.002152 11 0.997848 
1 11 1.000000 
1 11 1.000000 
1 11 1.000000 
1 11 1.000000 
1 11 1.000000 
1 11 1.000000 
2 10 0.007610 11 0.992390 
2 10 0.007277 11 0.992723 
1 11 1.000000 
1 11 1.000000 
1 11 1.000000 
1 11 1.000000 
1 11 1.000000 
1 11 1.000000 
2 10 0.004557 11 0.995443 
2 10 0.006826 11 0.993174 
1 11 1.000000 
1 11 1.000000 
1 11 1.000000 
1 11 1.000000 
1 11 1.000000 
1 11 1.000000 
1 11 1.000000 
1 11 1.000000 
2 10 0.004248 11 0.995752 
1 11 1.000000 
1 11 1.000000 
1 11 1.000000 
2 10 0.004019 11 0.995981 
1 11 1.000000 
1 11 1.000000 
1 11 1.000000 
1 11 1.000000 
1 11 1.000000 
1 11 1.000000 
2 10 0.004019 11 0.995981 
1 11 1.000000 
1 11 1.000000 
1 11 1.000000 
1 11 1.000000 
2 10 0.002600 11 0.997400 
1 11 1.000000 
2 11 0.150000 12 0.850000 
2 11 0.150000 12 0.850000 
2 11 0.150000 12 0.850000 
2 11 0.150000 12 0.850000 
2 11 0.150000 12 0.850000 
2 11 0.150000 12 0.850000 
2 11 0.150000 12 0.850000 
2 11 0.150000 12 0.850000 
2 11 0.150000 12 0.850000 
2 11 0.150000 12 0.850000 
2 11 0.150000 12 0.850000 
2 11 0.150000 12 0.850000 
2 11 0.150000 12 0.850000 
2 11 0.150000 12 0.850000 
2 11 0.150000 12 0.850000 
2 11 0.150000 12 0.850000 
2 11 0.150000 12 0.850000 
2 11 0.150000 12 0.850000 
2 11 0.150000 12 0.850000 
2 11 0.150000 12 0.850000 
2 11 0.150000 12 0.850000 
2 11 0.150000 12 0.850000 
2 11 0.150000 12 0.850000 
2 11 0.150000 12 0.850000 
2 11 0.150000 12 0.850000 
2 11 0.150000 12 0.850000 
2 11 0.600000 12 0.400000 
2 11 0.600000 12 0.400000 
2 11 0.600000 12 0.400000 
2 11 0.600000 12 0.400000 
2 11 0.600000 12 0.400000 
2 11 0.600000 12 0.400000 
2 11 0.600000 12 0.400000 
2 11 0.600000 12 0.400000 
2 11 0.600000 12 0.400000 
2 11 0.600000 12 0.400000 
2 11 0.600000 12 0.400000 
2 11 0.600000 12 0.400000 
2 11 0.600000 12 0.400000 
2 11 0.600000 12 0.400000 
2 11 0.600000 12 0.400000 
2 11 0.600000 12 0.400000 
2 11 0.600000 12 0.400000 
2 11 0.600000 12 0.400000 
2 11 0.600000 12 0.400000 
2 11 0.600000 12 0.400000 
2 11 0.600000 12 0.400000 
2 11 0.600000 12 0.400000 
2 11 0.600000 12 0.400000 
2 11 0.600000 12 0.400000 
2 11 0.600000 12 0.400000 
2 11 0.600000 12 0.400000 
