# 1st line: vertCount boneCount maxInfluences
# Each subsequent line corresponds to a vertex.
# In each line, the first number is the number of bone influences for the vertex.
# The next numbers are "influence" pairs of {bone index, bone weight}.
21 72 4
1 61 1.000000 
1 61 1.000000 
4 58 0.007240 59 0.035742 60 0.261407 61 0.695611 
4 58 0.008447 59 0.039788 60 0.259325 61 0.692441 
1 61 1.000000 
4 58 0.008443 59 0.039801 60 0.259263 61 0.692492 
4 58 0.027256 59 0.122049 60 0.512644 61 0.338051 
4 58 0.030161 59 0.128103 60 0.493173 61 0.348563 
4 58 0.030152 59 0.128168 60 0.493055 61 0.348625 
4 58 0.074106 59 0.294144 60 0.524393 61 0.107356 
4 58 0.079500 59 0.293137 60 0.509742 61 0.117621 
4 58 0.079447 59 0.293270 60 0.509646 61 0.117637 
3 58 0.141570 59 0.525698 60 0.332732 
3 58 0.159116 59 0.497535 60 0.343349 
3 58 0.158950 59 0.497913 60 0.343137 
3 58 0.449629 59 0.444078 60 0.106293 
3 58 0.471291 59 0.412346 60 0.116363 
3 58 0.470312 59 0.413338 60 0.116350 
1 58 1.000000 
1 58 1.000000 
1 58 1.000000 
