# 1st line: vertCount boneCount maxInfluences
# Each subsequent line corresponds to a vertex.
# In each line, the first number is the number of bone influences for the vertex.
# The next numbers are "influence" pairs of {bone index, bone weight}.
726 72 4
1 35 1.000000 
1 35 1.000000 
1 35 1.000000 
1 35 1.000000 
1 35 1.000000 
1 35 1.000000 
1 35 1.000000 
1 35 1.000000 
1 35 1.000000 
1 35 1.000000 
1 35 1.000000 
1 35 1.000000 
1 35 1.000000 
1 35 1.000000 
1 35 1.000000 
1 35 1.000000 
1 35 1.000000 
1 35 1.000000 
1 35 1.000000 
1 35 1.000000 
1 35 1.000000 
1 35 1.000000 
1 35 1.000000 
1 35 1.000000 
2 35 0.844457 36 0.155543 
1 35 1.000000 
1 35 1.000000 
2 35 0.845471 36 0.154529 
1 35 1.000000 
2 35 0.853568 36 0.146432 
1 35 1.000000 
2 35 0.854187 36 0.145813 
1 35 1.000000 
2 35 0.852675 36 0.147325 
1 35 1.000000 
2 35 0.852260 36 0.147740 
1 35 1.000000 
2 35 0.846856 36 0.153144 
1 35 1.000000 
2 35 0.846745 36 0.153255 
1 35 1.000000 
2 35 0.865911 36 0.134089 
1 35 1.000000 
1 35 1.000000 
2 35 0.889004 36 0.110996 
2 35 0.865911 36 0.134089 
1 35 1.000000 
2 35 0.887830 36 0.112170 
2 35 0.365271 36 0.634729 
2 35 0.346665 36 0.653335 
2 35 0.150000 36 0.850000 
2 35 0.150000 36 0.850000 
2 35 0.364659 36 0.635341 
2 35 0.150000 36 0.850000 
2 35 0.389323 36 0.610677 
2 35 0.150000 36 0.850000 
2 35 0.397154 36 0.602846 
2 35 0.197828 36 0.802172 
2 35 0.390177 36 0.609823 
2 35 0.233555 36 0.766445 
2 35 0.374774 36 0.625226 
2 35 0.247749 36 0.752251 
2 35 0.206132 36 0.793868 
2 35 0.358990 36 0.641010 
2 35 0.326200 36 0.673800 
2 35 0.150000 36 0.850000 
2 35 0.150000 36 0.850000 
2 35 0.310002 36 0.689998 
2 35 0.337610 36 0.662390 
2 35 0.150000 36 0.850000 
2 35 0.337610 36 0.662390 
2 35 0.323553 36 0.676447 
2 35 0.150000 36 0.850000 
2 35 0.150000 36 0.850000 
2 35 0.338142 36 0.661858 
2 35 0.150000 36 0.850000 
2 35 0.346674 36 0.653326 
2 35 0.149245 36 0.850755 
2 35 0.406363 36 0.593637 
2 35 0.142555 36 0.857445 
2 35 0.400543 36 0.599457 
3 35 0.142397 36 0.817146 53 0.040458 
2 35 0.600000 36 0.400000 
2 35 0.600000 36 0.400000 
2 35 0.600000 36 0.400000 
2 35 0.648815 36 0.351185 
2 35 0.649141 36 0.350859 
2 35 0.600000 36 0.400000 
2 35 0.600000 36 0.400000 
2 35 0.600000 36 0.400000 
2 35 0.600000 36 0.400000 
2 35 0.630000 36 0.370000 
2 35 0.690000 36 0.310000 
2 35 0.630000 36 0.370000 
2 35 0.690000 36 0.310000 
1 34 1.000000 
1 34 1.000000 
3 3 0.028059 33 0.067404 34 0.904537 
3 3 0.025432 33 0.057501 34 0.917066 
3 3 0.073003 33 0.174243 34 0.752753 
3 3 0.069953 33 0.118017 34 0.812031 
3 3 0.040896 33 0.167529 34 0.791576 
3 3 0.079677 33 0.273406 34 0.646916 
2 33 0.038836 34 0.961164 
1 34 1.000000 
1 34 1.000000 
3 3 0.029295 33 0.044528 34 0.926177 
3 3 0.021037 33 0.059379 34 0.919584 
3 3 0.071045 33 0.135159 34 0.793796 
3 3 0.061236 33 0.178881 34 0.759883 
1 34 1.000000 
1 34 1.000000 
3 3 0.015969 33 0.092624 34 0.891407 
2 33 0.127935 34 0.872065 
3 3 0.056966 33 0.243216 34 0.699818 
3 3 0.053549 33 0.248321 34 0.698129 
2 33 0.037142 34 0.962858 
2 33 0.139930 34 0.860070 
3 3 0.058244 33 0.260790 34 0.680966 
3 3 0.014077 33 0.288305 34 0.697618 
3 3 0.100539 33 0.537466 34 0.361995 
3 3 0.101703 33 0.478470 34 0.419826 
3 3 0.014055 33 0.176190 34 0.809755 
3 3 0.014077 33 0.288305 34 0.697618 
3 3 0.100539 33 0.537466 34 0.361995 
3 3 0.092131 33 0.482871 34 0.424998 
3 3 0.152211 33 0.616993 34 0.230796 
3 3 0.130754 33 0.577591 34 0.291655 
3 3 0.020401 33 0.137850 34 0.841748 
3 3 0.074021 33 0.357427 34 0.568551 
3 3 0.125307 33 0.538086 34 0.336607 
2 34 0.542299 35 0.457701 
2 34 0.820821 35 0.179179 
2 34 0.824129 35 0.175871 
2 34 0.554333 35 0.445667 
2 34 0.854091 35 0.145909 
2 34 0.589310 35 0.410690 
2 34 0.958419 35 0.041581 
2 34 0.965364 35 0.034636 
2 34 0.954788 35 0.045212 
2 34 0.617349 35 0.382651 
2 34 0.629271 35 0.370729 
2 34 0.893793 35 0.106207 
2 34 0.960682 35 0.039318 
2 34 0.976486 35 0.023514 
2 34 0.988070 35 0.011930 
2 34 0.536935 35 0.463065 
2 34 0.623143 35 0.376857 
2 34 0.962232 35 0.037768 
2 34 0.970161 35 0.029839 
2 34 0.989818 35 0.010182 
1 34 1.000000 
2 34 0.935757 35 0.064243 
2 34 0.662139 35 0.337861 
2 34 0.988527 35 0.011473 
2 34 0.871856 35 0.128144 
2 34 0.615186 35 0.384814 
2 34 0.975468 35 0.024532 
2 34 0.871856 35 0.128144 
2 34 0.824878 35 0.175122 
2 34 0.539873 35 0.460127 
2 34 0.615186 35 0.384814 
2 34 0.975468 35 0.024532 
2 34 0.970230 35 0.029770 
2 34 0.513206 35 0.486794 
2 34 0.811325 35 0.188675 
2 34 0.956449 35 0.043551 
2 34 0.016664 35 0.983336 
2 34 0.021873 35 0.978127 
2 34 0.017231 35 0.982769 
2 34 0.026711 35 0.973289 
2 34 0.030580 35 0.969420 
2 34 0.031986 35 0.968014 
2 34 0.031583 35 0.968417 
2 34 0.029592 35 0.970408 
2 34 0.023305 35 0.976695 
2 34 0.023305 35 0.976695 
2 34 0.015546 35 0.984454 
2 34 0.014414 35 0.985586 
1 36 1.000000 
1 36 1.000000 
1 36 1.000000 
2 35 0.019820 36 0.980181 
2 35 0.067612 36 0.932388 
2 35 0.114761 36 0.885239 
2 35 0.010521 36 0.989479 
2 35 0.050733 36 0.949267 
1 36 1.000000 
1 36 1.000000 
1 36 1.000000 
2 35 0.035614 36 0.964386 
1 36 1.000000 
2 35 0.114892 36 0.885108 
2 35 0.120416 36 0.879584 
2 35 0.018688 36 0.981312 
1 36 1.000000 
2 35 0.011093 36 0.988907 
1 36 1.000000 
2 35 0.101671 36 0.898329 
2 35 0.065354 36 0.934646 
2 35 0.010444 36 0.989556 
1 36 1.000000 
2 35 0.011712 36 0.988288 
1 36 1.000000 
2 35 0.063331 36 0.936669 
2 35 0.054431 36 0.945569 
1 36 1.000000 
1 36 1.000000 
1 36 1.000000 
1 36 1.000000 
2 35 0.061261 36 0.938739 
2 35 0.065796 36 0.934204 
2 35 0.011712 36 0.988288 
2 35 0.054431 36 0.945569 
1 36 1.000000 
3 36 0.017014 53 0.211599 54 0.771388 
3 36 0.138981 53 0.514914 54 0.346105 
3 36 0.146383 53 0.598087 54 0.255530 
4 36 0.015972 53 0.223694 54 0.704010 55 0.056325 
3 36 0.162650 53 0.615788 54 0.221563 
4 36 0.017725 53 0.231220 54 0.683850 55 0.067205 
3 35 0.052578 36 0.439289 53 0.508133 
3 35 0.050000 36 0.539672 53 0.410328 
3 35 0.057088 36 0.511547 53 0.431366 
1 36 1.000000 
1 36 1.000000 
2 36 0.909847 37 0.090153 
3 36 0.855960 37 0.061972 49 0.082068 
2 36 0.502019 37 0.497981 
3 36 0.370584 37 0.315011 49 0.314405 
3 36 0.892798 37 0.051707 41 0.055495 
3 36 0.332814 37 0.298424 41 0.368763 
1 36 1.000000 
1 36 1.000000 
1 36 1.000000 
2 36 0.925514 45 0.074486 
3 36 0.865939 41 0.055398 45 0.078663 
2 36 0.549807 45 0.450193 
3 36 0.303836 41 0.288624 45 0.407540 
2 36 0.892265 45 0.107735 
2 36 0.407175 45 0.592825 
1 36 1.000000 
2 36 0.882065 45 0.117935 
2 36 0.380972 45 0.619028 
2 36 0.860563 45 0.139437 
2 36 0.430561 45 0.569439 
1 36 1.000000 
1 36 1.000000 
2 36 0.430561 45 0.569439 
2 36 0.860563 45 0.139437 
2 36 0.802787 45 0.197213 
3 36 0.303879 45 0.681670 46 0.014451 
3 36 0.691215 41 0.121520 45 0.187265 
4 36 0.052240 41 0.487692 45 0.420158 46 0.039910 
1 36 1.000000 
1 36 1.000000 
1 36 1.000000 
2 36 0.813703 41 0.186297 
3 36 0.254737 41 0.734831 42 0.010432 
3 36 0.788387 37 0.074442 41 0.137171 
3 36 0.154947 37 0.307383 41 0.537669 
1 36 1.000000 
2 36 0.916229 53 0.083771 
1 39 1.000000 
1 39 1.000000 
1 39 1.000000 
1 39 1.000000 
1 39 1.000000 
1 39 1.000000 
1 39 1.000000 
1 39 1.000000 
1 39 1.000000 
2 36 0.581258 53 0.418742 
3 36 0.239375 53 0.508315 54 0.252310 
3 36 0.179829 53 0.613918 54 0.206253 
2 36 0.516161 53 0.483839 
4 36 0.022967 53 0.203812 54 0.729376 55 0.043845 
3 36 0.037142 53 0.149238 54 0.813621 
1 55 1.000000 
1 55 1.000000 
1 55 1.000000 
1 55 1.000000 
1 55 1.000000 
1 55 1.000000 
1 55 1.000000 
1 55 1.000000 
1 55 1.000000 
2 36 0.691623 53 0.308377 
2 36 0.606042 53 0.393958 
3 36 0.211957 53 0.441272 54 0.346771 
3 36 0.327592 53 0.414723 54 0.257685 
3 36 0.030890 53 0.235934 54 0.733176 
3 36 0.057990 53 0.153635 54 0.788375 
3 36 0.138981 53 0.514914 54 0.346105 
3 36 0.017014 53 0.211599 54 0.771388 
3 35 0.057088 36 0.511547 53 0.431366 
1 36 1.000000 
1 36 1.000000 
1 36 1.000000 
1 36 1.000000 
1 36 1.000000 
1 36 1.000000 
1 36 1.000000 
1 36 1.000000 
1 43 1.000000 
1 43 1.000000 
1 43 1.000000 
1 43 1.000000 
1 43 1.000000 
1 43 1.000000 
1 43 1.000000 
1 43 1.000000 
1 43 1.000000 
1 36 1.000000 
2 36 0.916701 41 0.083299 
2 36 0.411306 41 0.588694 
1 36 1.000000 
1 36 1.000000 
1 36 1.000000 
1 36 1.000000 
3 36 0.840723 49 0.062558 53 0.096718 
3 36 0.952627 49 0.027836 53 0.019537 
2 36 0.833561 49 0.166439 
2 36 0.740021 49 0.259979 
2 36 0.330314 49 0.669686 
2 36 0.274874 49 0.725126 
1 51 1.000000 
1 51 1.000000 
1 51 1.000000 
1 51 1.000000 
1 51 1.000000 
1 51 1.000000 
1 51 1.000000 
1 51 1.000000 
1 51 1.000000 
1 47 1.000000 
2 46 0.010789 47 0.989211 
1 47 1.000000 
1 47 1.000000 
1 47 1.000000 
1 47 1.000000 
2 46 0.039123 47 0.960877 
2 46 0.036906 47 0.963094 
2 46 0.048221 47 0.951779 
2 37 0.436127 38 0.563873 
2 37 0.420392 38 0.579608 
2 37 0.977401 38 0.022599 
2 37 0.975084 38 0.024916 
1 37 1.000000 
2 37 0.382901 38 0.617099 
2 37 0.445041 38 0.554959 
2 37 0.443909 38 0.556091 
1 37 1.000000 
1 37 1.000000 
4 36 0.101566 37 0.138236 41 0.667067 42 0.093131 
3 36 0.154947 37 0.307383 41 0.537669 
2 37 0.422793 38 0.577207 
2 37 0.413042 38 0.586958 
2 36 0.031830 37 0.968170 
2 36 0.016641 37 0.983359 
2 36 0.300844 37 0.699156 
3 36 0.131621 37 0.265134 49 0.603244 
1 37 1.000000 
2 37 0.445041 38 0.554959 
2 37 0.382901 38 0.617099 
1 37 1.000000 
3 36 0.061320 37 0.538885 49 0.399795 
2 36 0.016641 37 0.983359 
3 36 0.131621 37 0.265134 49 0.603244 
2 37 0.422793 38 0.577207 
2 41 0.632387 42 0.367613 
2 41 0.700177 42 0.299823 
3 36 0.011177 41 0.902562 42 0.086260 
3 36 0.028987 41 0.875956 42 0.095057 
2 41 0.899323 42 0.100677 
2 41 0.603822 42 0.396178 
2 41 0.521292 42 0.478708 
2 41 0.527342 42 0.472658 
2 41 0.842623 42 0.157377 
3 36 0.054510 41 0.826211 42 0.119279 
3 36 0.028987 41 0.875956 42 0.095057 
2 41 0.632387 42 0.367613 
2 41 0.499326 42 0.500674 
2 41 0.497527 42 0.502473 
3 36 0.044160 41 0.855945 42 0.099895 
3 36 0.022656 41 0.850402 42 0.126942 
2 41 0.603822 42 0.396178 
2 41 0.540078 42 0.459922 
3 36 0.022656 41 0.850402 42 0.126942 
2 41 0.899323 42 0.100677 
4 36 0.095203 41 0.335740 45 0.524396 46 0.044661 
4 36 0.052240 41 0.487692 45 0.420158 46 0.039910 
2 49 0.525063 50 0.474937 
2 49 0.530802 50 0.469198 
2 49 0.778310 50 0.221690 
2 49 0.777071 50 0.222929 
3 36 0.012938 49 0.862033 50 0.125029 
2 49 0.450447 50 0.549553 
2 49 0.554073 50 0.445927 
2 49 0.549949 50 0.450051 
2 49 0.777071 50 0.222929 
2 49 0.874508 50 0.125492 
2 49 0.388903 50 0.611097 
2 49 0.280531 50 0.719469 
3 36 0.016789 49 0.880191 50 0.103020 
3 36 0.017773 49 0.888937 50 0.093291 
3 36 0.201657 49 0.783965 53 0.014378 
3 36 0.190069 49 0.798013 53 0.011918 
2 49 0.874508 50 0.125492 
2 49 0.554073 50 0.445927 
2 49 0.486151 50 0.513849 
2 36 0.017561 49 0.982439 
2 36 0.215311 49 0.784689 
3 36 0.017773 49 0.888937 50 0.093291 
3 36 0.190069 49 0.798013 53 0.011918 
2 49 0.388903 50 0.611097 
2 45 0.595990 46 0.404010 
2 45 0.603188 46 0.396812 
3 36 0.029996 45 0.902539 46 0.067465 
3 36 0.018486 45 0.896388 46 0.085125 
3 36 0.047214 45 0.893275 46 0.059510 
2 45 0.628687 46 0.371313 
2 45 0.658927 46 0.341073 
2 45 0.692598 46 0.307402 
3 36 0.027845 45 0.887494 46 0.084661 
3 36 0.027114 45 0.904465 46 0.068422 
3 36 0.018486 45 0.896388 46 0.085125 
2 45 0.595990 46 0.404010 
2 45 0.636064 46 0.363936 
2 45 0.636064 46 0.363936 
3 36 0.033256 45 0.925474 46 0.041271 
3 36 0.131087 45 0.807888 46 0.061024 
3 36 0.027114 45 0.904465 46 0.068422 
2 45 0.658927 46 0.341073 
2 45 0.623013 46 0.376987 
3 36 0.067483 45 0.864606 46 0.067912 
2 38 0.386141 39 0.613859 
3 37 0.039726 38 0.838243 39 0.122031 
3 37 0.053700 38 0.877776 39 0.068524 
2 38 0.399226 39 0.600774 
3 37 0.062914 38 0.797371 39 0.139715 
2 38 0.379464 39 0.620536 
3 37 0.063263 38 0.826880 39 0.109857 
2 38 0.380768 39 0.619232 
3 37 0.050653 38 0.796093 39 0.153253 
2 38 0.380411 39 0.619589 
2 38 0.355824 39 0.644176 
2 38 0.335022 39 0.664978 
3 37 0.050990 38 0.798527 39 0.150483 
3 37 0.074244 38 0.756621 39 0.169135 
3 37 0.050653 38 0.796093 39 0.153253 
2 38 0.380411 39 0.619589 
2 38 0.397552 39 0.602448 
3 37 0.039726 38 0.838243 39 0.122031 
3 37 0.074244 38 0.756621 39 0.169135 
2 38 0.355824 39 0.644176 
2 42 0.525265 43 0.474735 
2 42 0.524893 43 0.475107 
3 41 0.100000 42 0.875586 43 0.024414 
3 41 0.100000 42 0.881096 43 0.018904 
3 41 0.100000 42 0.883054 43 0.016946 
2 42 0.526076 43 0.473924 
2 42 0.500000 43 0.500000 
2 42 0.515900 43 0.484100 
3 41 0.100000 42 0.884233 43 0.015767 
3 41 0.100000 42 0.885470 43 0.014530 
3 41 0.100000 42 0.881096 43 0.018904 
2 42 0.525265 43 0.474735 
3 41 0.100000 42 0.882748 43 0.017252 
2 42 0.511655 43 0.488345 
3 41 0.100000 42 0.881698 43 0.018302 
2 42 0.514122 43 0.485878 
3 41 0.100000 42 0.884167 43 0.015833 
2 42 0.519349 43 0.480651 
3 41 0.100000 42 0.883054 43 0.016946 
2 42 0.526076 43 0.473924 
2 49 0.033962 50 0.966038 
2 49 0.022653 50 0.977347 
2 50 0.537282 51 0.462718 
2 50 0.533340 51 0.466660 
2 49 0.032860 50 0.967140 
2 50 0.533692 51 0.466308 
2 50 0.073955 51 0.926045 
2 50 0.060770 51 0.939230 
2 50 0.024852 51 0.975148 
2 50 0.521754 51 0.478246 
2 50 0.518336 51 0.481664 
1 51 1.000000 
2 50 0.024852 51 0.975148 
1 51 1.000000 
1 51 1.000000 
1 51 1.000000 
1 51 1.000000 
2 50 0.524772 51 0.475228 
2 50 0.521742 51 0.478258 
2 50 0.518336 51 0.481664 
2 49 0.019106 50 0.980894 
2 49 0.015568 50 0.984432 
2 50 0.528975 51 0.471025 
2 50 0.521742 51 0.478258 
3 45 0.053627 46 0.566994 47 0.379379 
3 45 0.038469 46 0.646043 47 0.315488 
3 45 0.229085 46 0.725558 47 0.045357 
3 45 0.272138 46 0.667167 47 0.060695 
3 45 0.224639 46 0.734736 47 0.040625 
3 45 0.043846 46 0.665686 47 0.290468 
3 45 0.053627 46 0.566994 47 0.379379 
3 45 0.272138 46 0.667167 47 0.060695 
3 45 0.327934 46 0.607401 47 0.064665 
3 45 0.060523 46 0.524158 47 0.415319 
3 45 0.248824 46 0.700504 47 0.050671 
3 45 0.032447 46 0.611071 47 0.356482 
3 45 0.034341 46 0.615782 47 0.349877 
3 45 0.028502 46 0.620132 47 0.351366 
3 45 0.217435 46 0.730316 47 0.052250 
3 45 0.220518 46 0.721988 47 0.057493 
3 45 0.248824 46 0.700504 47 0.050671 
3 45 0.032447 46 0.611071 47 0.356482 
3 45 0.232645 46 0.721902 47 0.045454 
3 45 0.045931 46 0.641759 47 0.312310 
2 38 0.022528 39 0.977472 
2 38 0.037281 39 0.962719 
2 38 0.032231 39 0.967769 
1 39 1.000000 
1 39 1.000000 
1 39 1.000000 
1 39 1.000000 
1 39 1.000000 
1 39 1.000000 
1 39 1.000000 
1 39 1.000000 
1 39 1.000000 
1 39 1.000000 
1 43 1.000000 
1 43 1.000000 
1 43 1.000000 
1 43 1.000000 
1 43 1.000000 
1 43 1.000000 
1 43 1.000000 
1 43 1.000000 
1 43 1.000000 
1 43 1.000000 
1 43 1.000000 
1 43 1.000000 
1 43 1.000000 
2 46 0.228868 47 0.771132 
2 46 0.283797 47 0.716203 
2 46 0.182522 47 0.817478 
1 47 1.000000 
2 46 0.182522 47 0.817478 
2 46 0.164636 47 0.835364 
1 47 1.000000 
2 46 0.201624 47 0.798376 
1 47 1.000000 
2 46 0.218053 47 0.781947 
2 46 0.201624 47 0.798376 
2 46 0.262932 47 0.737068 
2 46 0.282866 47 0.717134 
2 35 0.150000 36 0.850000 
2 35 0.150000 36 0.850000 
3 35 0.050138 36 0.755048 53 0.194814 
2 35 0.150000 36 0.850000 
2 35 0.150000 36 0.850000 
2 35 0.197828 36 0.802172 
2 35 0.233555 36 0.766445 
2 35 0.247749 36 0.752251 
2 35 0.206132 36 0.793868 
2 35 0.150000 36 0.850000 
2 35 0.150000 36 0.850000 
2 35 0.150000 36 0.850000 
2 35 0.150000 36 0.850000 
2 35 0.150000 36 0.850000 
2 35 0.150000 36 0.850000 
2 35 0.149245 36 0.850755 
2 35 0.058586 36 0.941414 
2 35 0.142555 36 0.857445 
2 35 0.142555 36 0.857445 
3 35 0.142397 36 0.817146 53 0.040458 
3 53 0.034471 54 0.615683 55 0.349846 
3 53 0.038055 54 0.669539 55 0.292406 
3 36 0.032301 53 0.172983 54 0.794715 
3 53 0.012893 54 0.671414 55 0.315694 
3 36 0.037142 53 0.149238 54 0.813621 
2 54 0.169864 55 0.830136 
2 54 0.170309 55 0.829691 
2 54 0.133405 55 0.866595 
2 54 0.094843 55 0.905157 
2 54 0.117735 55 0.882265 
3 53 0.045167 54 0.592277 55 0.362556 
3 53 0.020888 54 0.552798 55 0.426313 
2 54 0.105870 55 0.894130 
2 54 0.087630 55 0.912370 
3 53 0.018282 54 0.552937 55 0.428781 
3 53 0.025844 54 0.563954 55 0.410202 
3 53 0.020888 54 0.552798 55 0.426313 
2 54 0.094843 55 0.905157 
2 54 0.170309 55 0.829691 
2 54 0.133206 55 0.866794 
3 53 0.022005 54 0.592867 55 0.385128 
3 53 0.012893 54 0.671414 55 0.315694 
1 55 1.000000 
1 55 1.000000 
1 55 1.000000 
1 55 1.000000 
1 55 1.000000 
1 55 1.000000 
1 55 1.000000 
1 55 1.000000 
1 55 1.000000 
1 55 1.000000 
1 55 1.000000 
1 55 1.000000 
1 55 1.000000 
1 55 1.000000 
1 55 1.000000 
2 36 0.915756 53 0.084244 
3 35 0.010151 36 0.869196 53 0.120653 
2 36 0.956252 53 0.043748 
2 36 0.776322 53 0.223678 
3 36 0.500290 53 0.305576 54 0.194134 
3 36 0.317994 53 0.373637 54 0.308369 
4 36 0.627451 49 0.099372 53 0.170696 54 0.102481 
4 36 0.440445 49 0.100697 53 0.308858 54 0.150000 
3 36 0.237375 53 0.369758 54 0.392868 
3 36 0.409036 53 0.203081 54 0.387883 
4 36 0.535498 49 0.059321 53 0.262822 54 0.142358 
4 36 0.701274 49 0.034664 53 0.174833 54 0.089230 
3 36 0.317994 53 0.373637 54 0.308369 
4 36 0.440445 49 0.100697 53 0.308858 54 0.150000 
3 36 0.605452 49 0.326028 53 0.068520 
3 36 0.483975 49 0.367152 53 0.148873 
3 36 0.527679 49 0.324958 53 0.147363 
4 36 0.676860 37 0.063263 49 0.172368 53 0.087509 
3 36 0.483975 49 0.367152 53 0.148873 
3 36 0.813686 53 0.145030 54 0.041283 
3 36 0.790269 37 0.171903 53 0.037828 
2 36 0.815835 53 0.184165 
3 36 0.673324 53 0.151102 54 0.175574 
1 36 1.000000 
1 36 1.000000 
1 36 1.000000 
2 34 0.115354 35 0.884646 
2 34 0.261890 35 0.738110 
2 34 0.290992 35 0.709008 
2 34 0.119115 35 0.880885 
2 34 0.303670 35 0.696330 
2 34 0.125342 35 0.874658 
2 34 0.286224 35 0.713777 
2 34 0.117945 35 0.882055 
2 34 0.268699 35 0.731301 
2 34 0.122240 35 0.877760 
2 34 0.256755 35 0.743245 
2 34 0.119251 35 0.880749 
2 34 0.236053 35 0.763947 
2 34 0.110008 35 0.889992 
2 34 0.269542 35 0.730458 
2 34 0.118289 35 0.881711 
2 34 0.296560 35 0.703440 
2 34 0.121822 35 0.878178 
2 34 0.296560 35 0.703440 
2 34 0.281572 35 0.718428 
2 34 0.128729 35 0.871271 
2 34 0.121822 35 0.878178 
2 34 0.237587 35 0.762413 
2 34 0.070293 35 0.929707 
3 3 0.115575 33 0.392543 34 0.491882 
3 3 0.115131 33 0.362627 34 0.522242 
3 3 0.110666 33 0.205615 34 0.683720 
3 3 0.135842 33 0.383227 34 0.480932 
3 3 0.141045 33 0.351038 34 0.507917 
3 3 0.107545 33 0.205180 34 0.687275 
3 3 0.113529 33 0.266962 34 0.619509 
3 3 0.153130 33 0.363749 34 0.483121 
3 3 0.170086 33 0.368119 34 0.461795 
3 3 0.144309 33 0.423617 34 0.432074 
3 3 0.097116 33 0.304624 34 0.598260 
3 3 0.099386 33 0.347765 34 0.552849 
3 3 0.139744 33 0.468099 34 0.392156 
3 3 0.159391 33 0.613911 34 0.226698 
3 3 0.161769 33 0.619188 34 0.219043 
3 3 0.146672 33 0.475065 34 0.378263 
3 3 0.099353 33 0.351513 34 0.549134 
1 34 1.000000 
1 34 1.000000 
1 34 1.000000 
1 34 1.000000 
1 34 1.000000 
1 34 1.000000 
1 34 1.000000 
1 34 1.000000 
2 33 0.013365 34 0.986635 
2 33 0.013365 34 0.986635 
2 33 0.014601 34 0.985399 
1 34 1.000000 
2 34 0.051967 35 0.948033 
2 34 0.046517 35 0.953483 
2 34 0.044755 35 0.955244 
2 34 0.064264 35 0.935736 
2 34 0.058456 35 0.941544 
2 34 0.061737 35 0.938263 
2 34 0.064316 35 0.935684 
2 34 0.061647 35 0.938353 
2 34 0.054826 35 0.945174 
2 34 0.045723 35 0.954277 
2 34 0.054826 35 0.945174 
2 34 0.036292 35 0.963708 
1 51 1.000000 
1 51 1.000000 
2 50 0.041447 51 0.958553 
2 49 0.015568 50 0.984432 
2 49 0.011135 50 0.988865 
2 49 0.027369 50 0.972631 
2 49 0.027369 50 0.972631 
2 49 0.027392 50 0.972608 
2 50 0.066937 51 0.933063 
3 3 0.173191 33 0.589474 34 0.237335 
3 3 0.159108 33 0.602519 34 0.238373 
3 3 0.168822 33 0.595705 34 0.235474 
3 3 0.154906 33 0.607722 34 0.237372 
3 3 0.156090 33 0.610633 34 0.233277 
3 3 0.093062 33 0.415437 34 0.491501 
3 3 0.159509 33 0.564697 34 0.275794 
3 3 0.145311 33 0.601422 34 0.253267 
3 3 0.154261 33 0.614116 34 0.231623 
3 3 0.152211 33 0.616993 34 0.230796 
